
sbs.gems.planeconfig = x1 y1 x2 y2 x3 y3

sbs.gems.cratemap = 3 0

sbs.gems.xp.res = 200e-6

sbs.gems.x1.position = 0.0 0.0 0.0
sbs.gems.x1.size     = 0.1 0.2 0.001

#crate slot mpd_id gem_id adc_id i2c pos invert
sbs.gems.x1.chanmap = \
3 0 5 2 4 8 0 0 \
3 0 5 2 5 9 1 0

sbs.gems.y1.position = 0.0 0.0 0.0
sbs.gems.y1.size     = 0.1 0.2 0.001

sbs.gems.y1.chanmap = \
3 0 5 2 0 16 0 0 \
3 0 5 2 1 17 1 0 \
3 0 5 2 2 18 2 0 \
3 0 5 2 3 19 3 0

sbs.gems.x2.position = 1.0 3.0 2.0
sbs.gems.x2.size     = 0.1 0.2 0.001

#crate slot mpd_id gem_id adc_id i2c pos invert
sbs.gems.x2.chanmap = \
3 0 5 1 12 24 0 0 \
3 0 5 1 13 25 1 0

sbs.gems.y2.position = 0.0 0.0 0.0
sbs.gems.y2.size     = 0.1 0.2 0.001

sbs.gems.y2.chanmap = \
3 0 5 1 8 0 0 0 \
3 0 5 1 9 1 1 0 \
3 0 5 1 10 2 2 0 \
3 0 5 1 11 3 3 0

sbs.gems.x3.position = 1.0 1.1 2.0
sbs.gems.x3.size     = 0.15 0.3 0.002

#crate slot mpd_id gem_id adc_id i2c pos invert
sbs.gems.x3.chanmap = \
3 0 6 0 4 0 0 0 \
3 0 6 0 5 1 1 0

sbs.gems.y3.position = 0.0 0.0 0.0
sbs.gems.y3.size     = 0.1 0.2 0.001

sbs.gems.y3.chanmap = \
3 0 6 0 0 8 0 0 \
3 0 6 0 1 9 1 0 \
3 0 6 0 2 10 2 0 \
3 0 6 0 3 11 3 0


sbs.gems.x1.ped = \
1 990.48 33 843.41 65 872.72 97 927.34 9 868.81 41 893.44 73 903.85 105 956.62 \
17 871.32 49 906.08 81 901.51 113 976.22 25 884.90 57 894.25 89 887.25 121 964.19 \
3 896.28 35 875.80 67 911.67 99 955.07 11 871.71 43 898.26 75 907.05 107 941.90 \
19 886.37 51 907.85 83 916.71 115 964.70 27 887.66 59 906.28 91 917.42 123 970.54 \
5 901.65 37 888.06 69 910.52 101 903.57 13 883.41 45 902.97 77 932.66 109 956.34 \
21 874.37 53 900.25 85 923.09 117 950.85 29 891.02 61 927.46 93 937.55 125 977.12 \
7 891.71 39 888.53 71 890.30 103 940.77 15 905.99 47 894.46 79 894.12 111 950.10 \
23 880.78 55 913.43 87 931.60 119 958.61 31 891.84 63 920.82 95 923.28 127 984.03 \
0 885.25 32 876.33 64 909.64 96 959.45 8 900.94 40 912.58 72 908.15 104 965.41 \
16 897.53 48 912.04 80 937.06 112 972.92 24 878.81 56 896.06 88 933.83 120 986.79 \
2 903.45 34 893.41 66 896.43 98 944.30 10 864.06 42 878.63 74 914.63 106 957.99 \
18 870.82 50 899.68 82 911.95 114 983.52 26 873.44 58 907.51 90 921.36 122 1021.03 \
4 883.36 36 880.62 68 917.19 100 983.33 12 887.26 44 912.09 76 910.92 108 951.76 \
20 878.91 52 894.18 84 931.74 116 958.10 28 875.27 60 901.60 92 930.69 124 1018.36 \
6 888.04 38 904.13 70 902.42 102 958.37 14 872.64 46 902.71 78 906.85 110 962.26 \
22 890.70 54 893.62 86 900.05 118 989.29 30 880.45 62 896.25 94 920.24 126 1031.62 \
129 867.93 161 703.91 193 726.38 225 803.64 137 751.45 169 735.73 201 756.22 233 816.93 \
145 742.90 177 735.10 209 774.25 241 831.95 153 755.17 185 725.32 217 778.96 249 843.08 \
131 775.27 163 734.71 195 727.35 227 779.15 139 751.30 171 735.90 203 758.34 235 815.99 \
147 725.86 179 716.59 211 769.36 243 825.99 155 737.29 187 728.00 219 769.49 251 855.70 \
133 769.18 165 729.11 197 749.89 229 802.60 141 743.65 173 732.98 205 761.86 237 826.96 \
149 743.78 181 742.03 213 786.84 245 836.12 157 743.49 189 753.08 221 777.69 253 855.80 \
135 768.34 167 740.61 199 749.20 231 809.71 143 744.59 175 734.09 207 780.07 239 821.63 \
151 738.73 183 729.51 215 783.17 247 856.34 159 735.47 191 736.25 223 796.94 255 816.65 \
128 779.99 160 732.57 192 740.81 224 833.24 136 770.05 168 728.06 200 762.10 232 814.33 \
144 727.97 176 727.54 208 769.01 240 852.94 152 749.84 184 733.73 216 776.26 248 878.26 \
130 770.75 162 717.38 194 734.14 226 808.83 138 735.36 170 741.92 202 765.50 234 811.21 \
146 746.21 178 731.42 210 781.18 242 832.53 154 751.43 186 749.73 218 787.41 250 870.97 \
132 763.93 164 748.95 196 762.54 228 819.27 140 752.97 172 723.24 204 741.40 236 819.79 \
148 751.89 180 743.80 212 799.10 244 844.30 156 748.27 188 744.99 220 809.50 252 900.19 \
134 774.24 166 739.33 198 764.71 230 818.77 142 751.96 174 713.75 206 763.71 238 829.66 \
150 763.81 182 736.18 214 773.39 246 875.03 158 747.56 190 737.20 222 799.38 254 945.69 
sbs.gems.x1.rms = \
1 77.20 33 68.09 65 75.47 97 73.74 9 63.31 41 62.82 73 74.89 105 73.21 \
17 65.08 49 66.03 81 71.77 113 74.59 25 65.81 57 65.08 89 69.19 121 70.26 \
3 69.26 35 65.61 67 68.71 99 75.87 11 63.11 43 62.77 75 69.29 107 71.31 \
19 64.59 51 65.96 83 69.61 115 72.89 27 70.25 59 63.70 91 67.37 123 70.46 \
5 70.65 37 65.90 69 75.03 101 76.76 13 63.77 45 61.39 77 70.98 109 72.02 \
21 65.38 53 68.55 85 72.81 117 74.85 29 61.84 61 64.16 93 73.18 125 75.30 \
7 68.11 39 64.18 71 71.95 103 92.36 15 63.47 47 60.33 79 66.00 111 69.22 \
23 66.41 55 65.55 87 69.49 119 71.99 31 62.05 63 63.88 95 69.03 127 85.40 \
0 89.03 32 68.63 64 73.17 96 73.58 8 62.89 40 63.61 72 68.98 104 73.23 \
16 64.51 48 68.54 80 71.52 112 75.94 24 62.31 56 58.37 88 69.07 120 73.78 \
2 69.58 34 67.23 66 69.80 98 71.58 10 62.59 42 62.19 74 66.08 106 70.36 \
18 65.42 50 65.66 82 66.76 114 75.39 26 71.22 58 63.60 90 65.74 122 73.78 \
4 67.98 36 66.35 68 74.24 100 76.76 12 61.77 44 62.25 76 69.75 108 71.22 \
20 63.16 52 64.65 84 70.09 116 75.49 28 63.89 60 63.88 92 70.11 124 79.03 \
6 68.66 38 65.36 70 70.05 102 83.36 14 62.28 46 62.61 78 66.61 110 68.90 \
22 62.81 54 63.34 86 67.50 118 73.22 30 62.37 62 62.18 94 68.50 126 76.61 \
129 65.35 161 65.74 193 73.83 225 78.54 137 60.67 169 59.95 201 74.49 233 78.86 \
145 63.35 177 62.01 209 73.84 241 84.36 153 74.68 185 61.69 217 67.45 249 102.65 \
131 65.93 163 62.19 195 67.90 227 82.32 139 60.96 171 58.97 203 65.86 235 75.01 \
147 64.34 179 62.16 211 67.29 243 86.78 155 66.62 187 60.76 219 65.29 251 124.31 \
133 68.07 165 62.76 197 75.87 229 98.61 141 61.82 173 57.65 205 69.13 237 78.21 \
149 64.23 181 63.06 213 72.43 245 92.33 157 61.58 189 60.92 221 71.15 253 186.46 \
135 69.14 167 60.46 199 68.81 231 82.35 143 61.34 175 59.00 207 67.19 239 76.07 \
151 67.33 183 62.13 215 69.03 247 97.87 159 62.37 191 60.53 223 67.06 255 250.54 \
128 79.40 160 62.33 192 75.42 224 78.61 136 60.16 168 60.59 200 69.42 232 78.51 \
144 63.93 176 64.44 208 70.65 240 90.54 152 65.96 184 56.88 216 67.54 248 104.95 \
130 66.73 162 64.05 194 69.15 226 77.54 138 60.93 170 60.86 202 65.43 234 75.58 \
146 65.79 178 64.54 210 65.43 242 88.21 154 74.82 186 62.26 218 63.17 250 115.11 \
132 65.14 164 62.97 196 75.02 228 103.50 140 61.08 172 59.87 204 69.49 236 80.68 \
148 64.03 180 63.04 212 73.07 244 95.69 156 63.37 188 63.33 220 68.32 252 210.86 \
134 65.22 166 61.39 198 69.64 230 89.64 142 60.98 174 60.38 206 65.27 238 81.23 \
150 67.00 182 64.59 214 68.71 246 115.50 158 65.03 190 62.50 222 68.13 254 294.42 
sbs.gems.y1.ped = \
1 867.67 33 666.82 65 736.78 97 835.03 9 769.62 41 722.22 73 781.66 105 846.62 \
17 766.49 49 733.53 81 791.60 113 830.21 25 749.39 57 735.16 89 839.01 121 837.02 \
3 799.19 35 751.54 67 768.28 99 854.67 11 772.27 43 728.96 75 776.65 107 853.11 \
19 753.06 51 745.39 83 809.00 115 851.55 27 752.63 59 749.10 91 828.89 123 831.82 \
5 795.58 37 747.06 69 781.52 101 842.16 13 774.24 45 726.66 77 797.86 109 835.27 \
21 764.82 53 738.07 85 805.20 117 849.95 29 746.10 61 741.94 93 840.10 125 857.85 \
7 800.33 39 723.80 71 747.94 103 858.27 15 765.61 47 727.65 79 767.58 111 839.27 \
23 779.45 55 730.87 87 799.22 119 852.08 31 742.26 63 750.93 95 848.40 127 838.17 \
0 780.47 32 750.51 64 771.47 96 838.38 8 773.34 40 734.26 72 785.04 104 841.08 \
16 741.77 48 735.24 80 819.22 112 834.47 24 743.16 56 725.60 88 822.03 120 858.77 \
2 791.53 34 721.97 66 774.50 98 843.43 10 773.58 42 733.03 74 777.36 106 839.64 \
18 781.13 50 734.13 82 817.33 114 832.66 26 725.71 58 721.42 90 844.84 122 877.36 \
4 784.12 36 730.50 68 792.14 100 875.47 12 777.57 44 744.97 76 790.00 108 847.63 \
20 747.62 52 741.95 84 830.09 116 849.10 28 745.26 60 770.84 92 845.47 124 871.76 \
6 770.23 38 749.72 70 783.09 102 854.82 14 768.52 46 723.89 78 789.36 110 873.25 \
22 741.62 54 736.56 86 818.33 118 837.84 30 750.86 62 736.80 94 839.12 126 926.14 \
129 788.35 161 660.90 193 745.15 225 786.96 137 712.92 169 724.16 201 773.24 233 778.64 \
145 717.33 177 735.65 209 785.15 241 800.57 153 721.63 185 748.33 217 788.94 249 793.27 \
131 731.36 163 728.49 195 769.78 227 805.19 139 730.99 171 737.32 203 760.69 235 795.59 \
147 701.03 179 757.44 211 773.80 243 823.54 155 714.29 187 730.18 219 792.15 251 813.06 \
133 720.41 165 735.05 197 749.51 229 831.50 141 696.65 173 754.05 205 785.38 237 821.02 \
149 727.05 181 749.16 213 787.27 245 805.13 157 723.14 189 762.49 221 783.75 253 813.72 \
135 721.88 167 726.42 199 774.62 231 784.70 143 712.01 175 737.55 207 762.31 239 816.79 \
151 733.62 183 747.12 215 778.09 247 801.69 159 722.77 191 750.70 223 786.19 255 815.77 \
128 726.01 160 736.42 192 763.74 224 804.30 136 697.81 168 735.06 200 792.83 232 817.38 \
144 728.98 176 754.47 208 788.01 240 794.71 152 721.54 184 787.12 216 781.88 248 815.30 \
130 714.72 162 714.01 194 765.80 226 816.81 138 716.80 170 716.98 202 791.46 234 794.17 \
146 729.14 178 744.59 210 771.95 242 801.54 154 741.42 186 749.53 218 778.88 250 836.68 \
132 722.17 164 734.27 196 774.12 228 810.55 140 718.91 172 731.20 204 777.59 236 801.11 \
148 725.50 180 731.36 212 802.62 244 799.68 156 714.33 188 758.67 220 784.10 252 867.61 \
134 725.63 166 732.56 198 773.05 230 816.69 142 702.22 174 731.39 206 766.24 238 798.29 \
150 724.15 182 739.24 214 789.68 246 816.32 158 727.52 190 761.82 222 788.24 254 889.67 \
257 905.93 289 731.88 321 826.54 353 940.24 265 824.07 297 796.20 329 854.41 361 949.39 \
273 808.09 305 793.94 337 866.81 369 943.23 281 803.88 313 822.03 345 897.76 377 960.93 \
259 848.11 291 812.89 323 860.55 355 933.32 267 827.73 299 800.95 331 868.43 363 950.88 \
275 811.94 307 808.15 339 877.06 371 951.68 283 806.75 315 826.51 347 932.60 379 973.54 \
261 851.82 293 822.17 325 866.51 357 936.80 269 822.48 301 810.25 333 901.31 365 953.95 \
277 802.56 309 811.53 341 908.16 373 967.06 285 803.46 317 827.76 349 898.94 381 962.38 \
263 844.21 295 805.30 327 858.80 359 937.27 271 811.71 303 794.64 335 876.11 367 938.00 \
279 798.08 311 816.10 343 909.52 375 952.48 287 830.14 319 849.46 351 929.77 383 988.69 \
256 830.52 288 788.12 320 879.14 352 940.41 264 810.14 296 815.58 328 882.44 360 964.10 \
272 805.41 304 829.37 336 918.13 368 946.99 280 796.98 312 828.84 344 921.06 376 1000.61 \
258 833.24 290 795.51 322 847.22 354 931.68 266 819.58 298 822.64 330 874.88 362 957.67 \
274 800.28 306 812.93 338 907.76 370 964.98 282 793.84 314 826.83 346 942.96 378 1018.64 \
260 807.03 292 810.66 324 854.01 356 926.54 268 806.73 300 789.81 332 887.82 364 941.51 \
276 809.57 308 820.99 340 921.69 372 953.12 284 810.74 316 823.74 348 927.08 380 1013.35 \
262 820.14 294 810.46 326 882.19 358 950.04 270 827.97 302 795.42 334 869.87 366 953.64 \
278 802.90 310 845.81 342 918.28 374 969.09 286 800.26 318 817.93 350 948.68 382 1058.76 \
385 909.99 417 826.34 449 885.52 481 933.26 393 824.78 425 873.43 457 888.59 489 958.10 \
401 842.61 433 870.74 465 889.57 497 962.45 409 873.12 441 841.87 473 933.31 505 1008.34 \
387 861.57 419 844.85 451 849.38 483 923.92 395 857.95 427 842.61 459 887.42 491 955.70 \
403 855.47 435 832.54 467 913.11 499 988.81 411 858.84 443 852.20 475 904.39 507 989.25 \
389 849.83 421 860.41 453 883.56 485 946.97 397 836.74 429 848.65 461 897.41 493 976.57 \
405 864.08 437 853.25 469 908.36 501 986.30 413 874.61 445 879.99 477 909.68 509 1008.47 \
391 858.98 423 881.62 455 901.28 487 962.72 399 841.25 431 872.21 463 886.42 495 966.93 \
407 845.87 439 860.43 471 908.62 503 994.84 415 890.85 447 866.45 479 906.88 511 1003.53 \
384 883.29 416 864.99 448 882.96 480 950.89 392 844.09 424 873.27 456 904.57 488 984.78 \
400 864.15 432 872.70 464 902.30 496 978.03 408 884.34 440 842.83 472 899.95 504 1035.48 \
386 847.96 418 879.78 450 872.16 482 950.82 394 840.33 426 842.23 458 900.41 490 961.99 \
402 862.66 434 853.52 466 912.19 498 997.08 410 864.04 442 837.07 474 921.32 506 1021.92 \
388 828.06 420 885.86 452 895.47 484 939.86 396 835.16 428 865.05 460 922.99 492 991.49 \
404 857.67 436 845.38 468 888.36 500 990.22 412 868.14 444 860.97 476 925.97 508 1043.33 \
390 838.01 422 870.62 454 897.24 486 967.82 398 822.31 430 876.28 462 894.63 494 970.10 \
406 881.03 438 838.41 470 898.73 502 983.87 414 887.05 446 845.15 478 927.07 510 1059.87 
sbs.gems.y1.rms = \
1 115.16 33 49.71 65 48.64 97 47.99 9 55.55 41 41.96 73 47.47 105 46.97 \
17 48.52 49 43.26 81 48.26 113 44.63 25 47.55 57 41.49 89 45.91 121 43.26 \
3 91.41 35 45.07 67 44.45 99 48.12 11 51.34 43 40.62 75 43.65 107 44.70 \
19 47.57 51 42.22 83 45.27 115 44.02 27 43.86 59 40.66 91 44.58 123 48.64 \
5 75.49 37 42.69 69 48.40 101 52.05 13 49.89 45 40.91 77 46.75 109 45.46 \
21 48.57 53 43.57 85 46.75 117 45.72 29 41.61 61 39.92 93 47.00 125 61.31 \
7 56.37 39 44.82 71 44.49 103 46.98 15 43.45 47 39.89 79 42.94 111 45.81 \
23 46.75 55 40.85 87 45.55 119 43.14 31 41.49 63 40.11 95 44.42 127 55.87 \
0 377.36 32 55.01 64 47.38 96 47.79 8 57.88 40 41.95 72 46.51 104 48.15 \
16 51.41 48 43.09 80 49.40 112 48.59 24 45.68 56 38.63 88 44.96 120 48.13 \
2 106.81 34 48.22 66 45.28 98 46.89 10 55.70 42 42.11 74 42.93 106 46.10 \
18 49.16 50 42.69 82 45.39 114 44.88 26 46.48 58 41.72 90 44.35 122 45.63 \
4 84.61 36 46.51 68 50.27 100 52.72 12 51.90 44 42.80 76 46.89 108 46.87 \
20 47.49 52 43.39 84 48.51 116 46.20 28 44.98 60 42.84 92 47.00 124 59.94 \
6 67.70 38 44.24 70 44.99 102 50.02 14 49.55 46 41.57 78 43.63 110 45.78 \
22 48.05 54 42.61 86 45.95 118 46.07 30 43.74 62 40.34 94 44.20 126 60.52 \
129 44.02 161 45.44 193 50.45 225 49.48 137 42.33 169 41.93 201 48.44 233 44.48 \
145 42.58 177 45.53 209 48.10 241 48.85 153 48.74 185 43.85 217 44.49 249 46.61 \
131 45.07 163 44.29 195 47.55 227 48.68 139 42.41 171 41.99 203 45.15 235 44.03 \
147 42.90 179 44.98 211 45.84 243 48.00 155 43.38 187 43.50 219 43.68 251 47.08 \
133 43.81 165 45.80 197 49.42 229 50.86 141 42.49 173 41.81 205 46.30 237 44.50 \
149 44.34 181 45.41 213 48.70 245 48.29 157 42.60 189 44.27 221 45.68 253 47.93 \
135 44.45 167 44.17 199 46.24 231 46.45 143 42.64 175 41.24 207 44.02 239 43.90 \
151 41.84 183 43.78 215 45.28 247 47.14 159 42.94 191 41.82 223 44.55 255 51.62 \
128 45.75 160 46.51 192 50.48 224 49.33 136 42.30 168 43.25 200 47.68 232 46.28 \
144 43.39 176 45.83 208 48.10 240 47.69 152 45.22 184 41.66 216 44.29 248 48.35 \
130 44.60 162 46.24 194 46.19 226 48.88 138 42.91 170 42.73 202 44.71 234 45.28 \
146 45.28 178 45.70 210 45.96 242 50.75 154 48.28 186 44.32 218 44.24 250 48.68 \
132 43.74 164 46.78 196 50.04 228 52.26 140 42.81 172 43.83 204 46.74 236 46.50 \
148 44.94 180 45.07 212 47.69 244 48.18 156 44.26 188 46.48 220 44.96 252 50.59 \
134 45.18 166 45.01 198 46.60 230 48.45 142 43.08 174 43.25 206 43.93 238 45.69 \
150 44.32 182 45.66 214 46.25 246 49.76 158 44.68 190 43.77 222 44.80 254 50.70 \
257 42.48 289 42.72 321 48.34 353 61.13 265 42.18 297 40.13 329 47.48 361 45.39 \
273 41.65 305 42.40 337 46.23 369 45.90 281 42.89 313 41.32 345 43.29 377 44.47 \
259 43.46 291 44.44 323 44.85 355 61.06 267 41.83 299 39.91 331 43.42 363 44.25 \
275 42.82 307 41.47 339 44.61 371 45.30 283 42.28 315 41.12 347 42.84 379 44.68 \
261 44.58 293 43.55 325 47.54 357 50.31 269 40.87 301 40.30 333 45.76 365 45.64 \
277 42.82 309 43.30 341 46.61 373 47.20 285 40.68 317 40.49 349 44.63 381 59.88 \
263 45.42 295 41.74 327 45.84 359 47.86 271 40.43 303 38.81 335 43.10 367 42.08 \
279 42.75 311 42.40 343 44.55 375 44.09 287 43.05 319 40.83 351 40.80 383 65.98 \
256 45.64 288 42.87 320 46.16 352 56.13 264 42.54 296 41.61 328 46.77 360 45.58 \
272 42.05 304 45.08 336 47.00 368 45.63 280 41.88 312 40.55 344 45.08 376 44.54 \
258 44.68 290 44.29 322 45.24 354 57.39 266 38.39 298 45.23 330 43.25 362 45.77 \
274 41.99 306 43.71 338 44.05 370 45.84 282 43.38 314 42.23 346 44.05 378 45.26 \
260 45.08 292 44.36 324 47.74 356 57.39 268 40.56 300 42.34 332 46.01 364 44.84 \
276 42.60 308 43.81 340 46.19 372 45.56 284 41.90 316 43.18 348 45.33 380 53.48 \
262 45.51 294 42.95 326 44.43 358 49.21 270 40.96 302 41.16 334 44.40 366 43.21 \
278 42.52 310 45.51 342 43.98 374 47.38 286 41.57 318 40.20 350 45.47 382 58.27 \
385 43.58 417 46.85 449 52.72 481 53.71 393 40.72 425 43.97 457 50.25 489 49.61 \
401 46.63 433 46.43 465 49.19 497 49.77 409 49.40 441 43.92 473 47.19 505 50.65 \
387 43.98 419 45.56 451 46.79 483 69.45 395 44.65 427 42.85 459 46.74 491 46.44 \
403 47.70 435 45.45 467 47.86 499 49.59 411 45.88 443 45.57 475 47.15 507 50.97 \
389 44.23 421 46.26 453 51.27 485 70.96 397 45.69 429 43.10 461 48.58 493 49.59 \
405 47.61 437 46.61 469 51.91 501 50.47 413 45.10 445 45.26 477 50.33 509 54.66 \
391 43.77 423 44.60 455 47.17 487 51.91 399 45.91 431 43.51 463 46.75 495 46.93 \
407 46.90 439 44.66 471 46.78 503 51.48 415 44.30 447 42.65 479 47.98 511 98.93 \
384 48.34 416 46.72 448 51.84 480 54.51 392 42.65 424 44.39 456 50.07 488 50.83 \
400 47.18 432 48.24 464 50.86 496 51.45 408 49.41 440 42.73 472 48.31 504 52.51 \
386 45.27 418 47.34 450 49.05 482 59.92 394 43.23 426 44.91 458 47.88 490 49.49 \
402 48.56 434 47.51 466 49.27 498 52.16 410 48.74 442 45.68 474 46.58 506 53.16 \
388 44.61 420 48.34 452 53.57 484 58.71 396 40.82 428 47.40 460 51.27 492 51.35 \
404 47.99 436 46.15 468 53.59 500 51.81 412 45.75 444 46.37 476 49.03 508 55.66 \
390 44.35 422 46.02 454 49.55 486 59.21 398 44.90 430 45.41 462 48.28 494 48.93 \
406 47.86 438 46.82 470 49.82 502 52.11 414 45.58 446 44.41 478 47.69 510 62.53 
sbs.gems.x2.ped = \
1 1161.01 33 1032.45 65 1080.29 97 1145.33 9 1087.97 41 1061.32 73 1111.27 105 1150.48 \
17 1054.48 49 1072.95 81 1107.96 113 1173.44 25 1086.74 57 1080.76 89 1118.45 121 1187.10 \
3 1117.14 35 1058.87 67 1073.41 99 1167.74 11 1081.54 43 1069.25 75 1083.80 107 1166.40 \
19 1081.72 51 1061.56 83 1132.99 115 1207.16 27 1082.57 59 1081.88 91 1127.66 123 1196.54 \
5 1087.75 37 1079.55 69 1101.92 101 1144.49 13 1069.72 45 1073.73 77 1099.26 109 1177.61 \
21 1067.88 53 1076.71 85 1134.12 117 1196.43 29 1081.43 61 1091.38 93 1133.67 125 1232.51 \
7 1078.26 39 1094.33 71 1101.92 103 1168.00 15 1076.45 47 1070.20 79 1110.58 111 1173.40 \
23 1068.19 55 1067.76 87 1126.30 119 1193.17 31 1080.00 63 1093.91 95 1135.15 127 1197.09 \
0 1094.37 32 1097.63 64 1090.26 96 1148.32 8 1058.98 40 1091.16 72 1106.12 104 1179.94 \
16 1076.77 48 1077.05 80 1115.99 112 1216.82 24 1082.30 56 1085.32 88 1137.46 120 1217.65 \
2 1088.34 34 1094.54 66 1110.54 98 1145.10 10 1072.04 42 1078.99 74 1093.48 106 1184.91 \
18 1061.79 50 1094.66 82 1126.10 114 1195.62 26 1074.47 58 1093.62 90 1131.74 122 1226.43 \
4 1078.84 36 1081.52 68 1106.42 100 1161.43 12 1066.98 44 1076.00 76 1101.74 108 1188.44 \
20 1074.19 52 1087.81 84 1123.47 116 1188.44 28 1063.31 60 1102.19 92 1148.95 124 1249.85 \
6 1091.67 38 1073.62 70 1103.47 102 1176.46 14 1082.57 46 1093.09 78 1098.07 110 1195.52 \
22 1074.87 54 1083.81 86 1142.28 118 1188.99 30 1075.01 62 1075.19 94 1156.30 126 1275.25 \
129 920.55 161 749.50 193 819.40 225 857.65 137 803.71 169 779.70 201 834.58 233 864.16 \
145 812.11 177 820.54 209 851.45 241 880.55 153 780.53 185 803.72 217 862.64 249 900.21 \
131 827.81 163 768.82 195 837.08 227 889.51 139 802.24 171 793.16 203 838.24 235 881.43 \
147 778.72 179 816.49 211 856.89 243 907.68 155 807.79 187 807.17 219 853.64 251 927.94 \
133 829.52 165 758.34 197 865.10 229 889.22 141 807.97 173 808.75 205 853.21 237 891.98 \
149 792.24 181 802.78 213 863.92 245 903.12 157 768.18 189 819.03 221 855.33 253 925.25 \
135 808.02 167 773.56 199 853.44 231 903.00 143 797.37 175 780.25 207 851.36 239 898.58 \
151 792.05 183 826.24 215 871.89 247 886.33 159 792.98 191 851.97 223 878.37 255 873.26 \
128 805.65 160 775.88 192 837.80 224 900.44 136 811.24 168 810.39 200 858.17 232 872.60 \
144 800.11 176 806.26 208 848.55 240 889.78 152 807.96 184 838.16 216 863.65 248 948.29 \
130 806.79 162 770.98 194 830.06 226 857.95 138 791.30 170 802.15 202 847.90 234 888.19 \
146 799.76 178 814.79 210 871.50 242 904.99 154 791.37 186 828.55 218 864.40 250 953.78 \
132 825.48 164 780.94 196 858.59 228 884.25 140 786.83 172 800.48 204 858.14 236 898.12 \
148 801.56 180 830.91 212 856.84 244 898.13 156 802.46 188 829.36 220 881.72 252 968.42 \
134 802.84 166 802.09 198 851.33 230 891.05 142 794.39 174 823.82 206 851.96 238 884.87 \
150 780.16 182 817.20 214 882.44 246 915.47 158 782.74 190 824.15 222 866.24 254 998.88 
sbs.gems.x2.rms = \
1 72.80 33 64.80 65 72.49 97 72.19 9 63.07 41 61.21 73 70.31 105 70.84 \
17 65.88 49 66.64 81 68.28 113 70.38 25 65.73 57 62.92 89 65.87 121 66.15 \
3 71.19 35 64.95 67 66.24 99 70.54 11 63.06 43 63.43 75 66.19 107 67.23 \
19 64.93 51 65.83 83 66.72 115 69.02 27 70.24 59 62.16 91 63.55 123 67.66 \
5 69.13 37 63.24 69 72.37 101 73.67 13 63.03 45 70.09 77 68.57 109 68.66 \
21 66.00 53 65.35 85 69.12 117 71.16 29 61.78 61 62.55 93 68.66 125 73.34 \
7 66.20 39 62.13 71 67.20 103 79.17 15 63.26 47 69.01 79 65.84 111 67.38 \
23 63.81 55 62.97 87 66.14 119 68.45 31 56.20 63 60.93 95 65.16 127 78.70 \
0 96.46 32 65.01 64 70.68 96 69.83 8 62.68 40 61.76 72 66.21 104 69.27 \
16 64.14 48 66.89 80 67.46 112 69.53 24 63.45 56 56.18 88 64.23 120 67.57 \
2 71.24 34 63.29 66 66.65 98 66.72 10 61.90 42 62.80 74 62.49 106 66.87 \
18 62.93 50 64.94 82 57.97 114 68.08 26 71.23 58 60.73 90 60.81 122 68.28 \
4 68.06 36 64.59 68 71.08 100 71.15 12 61.95 44 71.51 76 66.69 108 67.06 \
20 62.71 52 59.60 84 65.90 116 70.08 28 65.01 60 62.45 92 65.31 124 70.05 \
6 66.99 38 62.44 70 66.49 102 75.92 14 61.33 46 105.42 78 56.79 110 67.77 \
22 64.92 54 64.34 86 63.68 118 69.63 30 62.13 62 59.14 94 65.85 126 73.52 \
129 61.33 161 61.92 193 68.67 225 72.46 137 56.34 169 57.11 201 68.23 233 76.70 \
145 59.67 177 60.18 209 67.64 241 79.80 153 67.99 185 59.76 217 65.63 249 102.98 \
131 63.31 163 58.26 195 64.62 227 76.90 139 59.17 171 56.22 203 64.47 235 72.53 \
147 60.56 179 59.76 211 63.64 243 82.68 155 62.71 187 59.90 219 64.21 251 123.64 \
133 61.71 165 57.92 197 70.19 229 98.89 141 58.64 173 56.72 205 66.74 237 76.57 \
149 61.78 181 60.95 213 67.06 245 91.26 157 57.17 189 58.84 221 67.26 253 151.13 \
135 63.92 167 56.09 199 63.48 231 78.49 143 58.86 175 54.74 207 63.57 239 77.64 \
151 63.01 183 60.96 215 65.43 247 88.71 159 60.82 191 60.19 223 65.98 255 190.54 \
128 76.99 160 57.44 192 66.76 224 73.63 136 56.28 168 56.79 200 64.78 232 72.66 \
144 59.76 176 60.29 208 65.53 240 81.54 152 59.77 184 54.62 216 64.48 248 99.36 \
130 63.09 162 59.89 194 62.55 226 71.54 138 56.39 170 55.82 202 58.48 234 72.62 \
146 61.12 178 60.84 210 61.60 242 84.32 154 66.47 186 58.23 218 60.00 250 120.01 \
132 62.52 164 58.88 196 66.41 228 84.78 140 58.10 172 56.63 204 65.53 236 74.78 \
148 60.06 180 59.34 212 65.04 244 89.87 156 61.15 188 60.30 220 64.38 252 133.49 \
134 63.66 166 58.23 198 65.48 230 84.31 142 57.28 174 55.96 206 60.15 238 75.11 \
150 61.07 182 60.41 214 64.12 246 107.79 158 59.87 190 57.71 222 64.37 254 296.12 
sbs.gems.y2.ped = \
1 906.58 33 745.11 65 784.69 97 874.58 9 806.91 41 808.15 73 824.95 105 886.18 \
17 816.39 49 840.93 81 857.44 113 889.52 25 808.48 57 833.39 89 852.49 121 887.29 \
3 809.83 35 806.98 67 823.28 99 908.83 11 805.45 43 814.94 75 824.67 107 895.66 \
19 819.80 51 818.11 83 850.29 115 894.42 27 814.77 59 807.55 91 846.96 123 901.78 \
5 811.10 37 838.55 69 821.08 101 893.30 13 794.78 45 819.06 77 843.90 109 887.97 \
21 818.02 53 818.45 85 872.96 117 901.43 29 818.44 61 808.59 93 871.41 125 907.29 \
7 806.96 39 807.64 71 793.85 103 901.16 15 812.21 47 823.06 79 838.09 111 886.04 \
23 807.73 55 858.64 87 842.83 119 891.66 31 822.66 63 808.58 95 875.52 127 918.53 \
0 751.08 32 817.33 64 820.22 96 865.57 8 819.11 40 816.74 72 838.02 104 891.29 \
16 801.09 48 820.49 80 867.01 112 881.61 24 808.33 56 810.54 88 867.32 120 932.35 \
2 789.12 34 813.43 66 816.06 98 895.88 10 803.72 42 821.61 74 846.12 106 891.32 \
18 831.99 50 818.79 82 837.00 114 909.83 26 812.49 58 826.40 90 862.34 122 924.53 \
4 813.21 36 810.95 68 813.22 100 877.07 12 811.48 44 832.74 76 833.66 108 869.68 \
20 814.90 52 813.36 84 846.51 116 899.60 28 815.96 60 836.54 92 888.62 124 933.16 \
6 815.12 38 809.75 70 817.86 102 875.35 14 806.66 46 806.96 78 832.12 110 878.06 \
22 814.81 54 818.41 86 858.40 118 893.39 30 809.02 62 814.42 94 877.11 126 992.43 \
129 848.97 161 684.03 193 769.48 225 807.75 137 741.51 169 736.65 201 796.68 233 828.06 \
145 739.40 177 757.75 209 821.27 241 829.61 153 760.68 185 754.16 217 808.10 249 849.91 \
131 758.52 163 722.54 195 785.50 227 794.63 139 753.37 171 743.09 203 801.95 235 840.78 \
147 728.84 179 749.59 211 808.73 243 843.66 155 748.67 187 742.92 219 812.23 251 869.75 \
133 767.32 165 771.65 197 806.41 229 827.61 141 727.22 173 743.45 205 813.72 237 834.66 \
149 752.94 181 767.84 213 804.81 245 825.34 157 752.06 189 755.23 221 817.83 253 870.02 \
135 756.66 167 748.05 199 776.31 231 822.83 143 769.25 175 739.13 207 792.61 239 849.01 \
151 741.72 183 746.98 215 816.03 247 845.05 159 736.83 191 743.05 223 807.19 255 870.12 \
128 743.44 160 763.44 192 786.23 224 820.58 136 745.40 168 751.70 200 789.09 232 824.51 \
144 753.67 176 753.51 208 802.68 240 852.64 152 754.89 184 766.59 216 829.71 248 877.88 \
130 758.37 162 732.37 194 779.89 226 842.45 138 757.98 170 746.11 202 803.18 234 843.74 \
146 731.04 178 733.64 210 826.56 242 851.02 154 752.65 186 752.97 218 816.50 250 905.64 \
132 769.44 164 756.95 196 786.43 228 805.93 140 736.40 172 746.88 204 812.80 236 836.83 \
148 765.52 180 755.84 212 819.53 244 864.71 156 732.85 188 781.90 220 836.83 252 890.22 \
134 752.05 166 749.43 198 787.50 230 795.97 142 747.22 174 729.05 206 823.66 238 859.08 \
150 720.65 182 751.56 214 818.38 246 851.64 158 759.28 190 765.78 222 829.04 254 943.88 \
257 1075.40 289 950.82 321 1017.05 353 1094.97 265 1014.29 297 1029.81 329 1044.25 361 1074.67 \
273 1020.96 305 1009.64 337 1038.88 369 1073.89 281 993.77 313 996.95 345 1107.76 377 1092.86 \
259 1020.91 291 987.87 323 1022.94 355 1071.25 267 1016.26 299 1016.62 331 1062.56 363 1100.01 \
275 1003.29 307 1024.33 339 1061.79 371 1114.43 283 974.32 315 1001.54 347 1058.29 379 1106.58 \
261 1030.77 293 998.60 325 1019.08 357 1069.03 269 1022.03 301 1003.10 333 1057.27 365 1093.59 \
277 1014.53 309 1046.21 341 1065.99 373 1094.41 285 995.76 317 1023.15 349 1101.63 381 1133.20 \
263 1039.91 295 1001.21 327 1034.57 359 1073.73 271 1030.90 303 1012.69 335 1055.88 367 1116.39 \
279 1001.41 311 1035.34 343 1087.14 375 1089.36 287 987.55 319 1006.06 351 1073.27 383 1133.65 \
256 1031.77 288 1021.92 320 1056.45 352 1091.59 264 1024.24 296 1038.58 328 1047.95 360 1093.17 \
272 1015.24 304 1020.49 336 1041.29 368 1136.03 280 996.75 312 1001.31 344 1046.39 376 1147.20 \
258 977.29 290 1005.94 322 1051.10 354 1090.29 266 994.61 298 1022.21 330 1078.83 362 1109.99 \
274 1001.59 306 1008.27 338 1073.86 370 1122.11 282 1000.47 314 1016.19 346 1081.54 378 1127.78 \
260 1004.93 292 1021.94 324 1046.68 356 1099.90 268 1013.36 300 1002.49 332 1058.32 364 1092.14 \
276 1001.02 308 1015.13 340 1070.58 372 1113.38 284 987.74 316 1048.14 348 1086.88 380 1166.93 \
262 1017.23 294 1019.46 326 1082.40 358 1085.79 270 999.07 302 1029.74 334 1055.66 366 1085.28 \
278 1022.79 310 1021.76 342 1066.65 374 1092.85 286 1003.34 318 1038.14 350 1065.98 382 1187.64 \
385 934.37 417 771.77 449 862.60 481 941.85 393 882.50 425 847.98 457 879.36 489 936.10 \
401 864.84 433 864.11 465 893.04 497 938.09 409 863.43 441 865.08 473 908.90 505 961.82 \
387 864.65 419 850.70 451 853.27 483 936.34 395 883.79 427 858.76 459 874.59 491 937.36 \
403 851.61 435 844.49 467 884.95 499 933.99 411 859.27 443 855.79 475 915.32 507 954.73 \
389 881.62 421 862.97 453 855.89 485 936.32 397 862.54 429 870.96 461 897.60 493 940.76 \
405 859.24 437 839.59 469 889.85 501 920.30 413 869.20 445 847.10 477 907.11 509 983.01 \
391 883.83 423 860.30 455 855.90 487 930.64 399 883.79 431 841.79 463 855.41 495 956.96 \
407 870.25 439 852.43 471 900.25 503 937.34 415 851.88 447 852.44 479 910.41 511 980.06 \
384 864.21 416 838.27 448 845.30 480 947.34 392 856.37 424 866.18 456 874.99 488 946.09 \
400 857.05 432 845.85 464 899.49 496 964.12 408 861.37 440 861.13 472 926.00 504 977.25 \
386 875.38 418 855.89 450 868.09 482 945.15 394 884.44 426 883.35 458 893.46 490 933.62 \
402 848.22 434 840.97 466 912.04 498 947.73 410 846.67 442 838.89 474 911.11 506 995.93 \
388 885.99 420 844.75 452 864.98 484 926.83 396 873.44 428 850.26 460 884.67 492 938.03 \
404 863.72 436 842.20 468 921.92 500 942.92 412 861.82 444 867.09 476 933.75 508 998.01 \
390 894.70 422 841.97 454 860.21 486 925.48 398 854.65 430 840.36 462 892.26 494 964.49 \
406 850.19 438 846.59 470 912.75 502 958.53 414 863.84 446 854.81 478 941.43 510 1042.55 
sbs.gems.y2.rms = \
1 31.09 33 52.47 65 57.45 97 53.21 9 66.53 41 52.82 73 53.63 105 51.79 \
17 55.97 49 51.92 81 54.77 113 51.87 25 59.98 57 50.50 89 52.25 121 47.63 \
3 97.93 35 56.53 67 51.24 99 54.37 11 62.64 43 50.78 75 50.09 107 51.28 \
19 56.60 51 50.40 83 52.98 115 49.39 27 54.88 59 49.05 91 50.83 123 48.32 \
5 92.13 37 56.47 69 53.50 101 57.79 13 59.33 45 51.08 77 51.78 109 52.16 \
21 56.66 53 54.00 85 54.71 117 51.08 29 51.83 61 48.34 93 51.61 125 49.88 \
7 72.03 39 53.27 71 50.89 103 54.87 15 58.10 47 49.68 79 51.50 111 51.58 \
23 56.16 55 51.01 87 52.22 119 49.12 31 52.09 63 48.02 95 48.55 127 77.39 \
0 165.48 32 67.68 64 49.76 96 51.83 8 70.01 40 53.60 72 53.74 104 52.36 \
16 58.52 48 53.88 80 58.29 112 54.49 24 56.52 56 48.89 88 52.74 120 49.37 \
2 140.85 34 60.43 66 50.95 98 52.67 10 65.90 42 52.48 74 23.28 106 50.14 \
18 58.91 50 53.94 82 51.48 114 50.58 26 61.43 58 51.07 90 51.17 122 50.34 \
4 90.56 36 56.90 68 53.79 100 58.37 12 62.02 44 53.56 76 52.98 108 53.16 \
20 58.16 52 55.40 84 55.18 116 49.37 28 55.00 60 51.41 92 51.57 124 51.36 \
6 81.27 38 54.44 70 53.04 102 55.36 14 58.96 46 51.21 78 24.10 110 49.66 \
22 58.27 54 53.17 86 52.49 118 50.49 30 53.07 62 49.35 94 49.88 126 55.71 \
129 46.55 161 46.01 193 48.70 225 47.59 137 41.48 169 44.47 201 47.48 233 47.36 \
145 44.14 177 45.14 209 47.64 241 47.95 153 47.16 185 43.51 217 45.03 249 46.41 \
131 44.19 163 43.42 195 45.89 227 49.13 139 42.00 171 42.41 203 46.22 235 44.83 \
147 44.41 179 44.42 211 46.78 243 48.61 155 43.46 187 42.29 219 44.18 251 46.44 \
133 44.25 165 45.09 197 48.29 229 64.64 141 42.25 173 42.79 205 47.45 237 45.26 \
149 45.63 181 45.92 213 49.38 245 47.95 157 41.97 189 42.53 221 45.21 253 47.69 \
135 43.22 167 43.52 199 46.10 231 61.06 143 42.50 175 40.97 207 45.62 239 45.82 \
151 44.30 183 43.92 215 46.11 247 47.98 159 42.02 191 41.54 223 44.38 255 52.46 \
128 58.56 160 46.16 192 49.03 224 47.94 136 42.36 168 43.76 200 46.54 232 48.93 \
144 44.25 176 45.09 208 48.37 240 49.11 152 44.80 184 42.18 216 46.21 248 48.47 \
130 43.29 162 44.28 194 46.79 226 50.22 138 42.48 170 43.79 202 44.55 234 46.41 \
146 44.55 178 46.02 210 47.21 242 48.67 154 47.49 186 43.29 218 44.24 250 48.25 \
132 44.14 164 46.27 196 49.54 228 57.64 140 41.88 172 43.46 204 46.86 236 46.54 \
148 45.30 180 45.45 212 49.01 244 48.64 156 43.81 188 44.55 220 45.83 252 47.97 \
134 44.35 166 44.84 198 46.98 230 52.54 142 37.81 174 44.53 206 47.07 238 46.05 \
150 45.39 182 46.09 214 46.62 246 48.52 158 42.76 190 42.49 222 44.81 254 51.05 \
257 47.55 289 44.93 321 49.93 353 46.96 265 39.83 297 43.21 329 45.13 361 43.49 \
273 43.95 305 44.91 337 43.88 369 45.06 281 45.77 313 43.81 345 44.85 377 43.55 \
259 44.03 291 44.03 323 45.46 355 48.44 267 41.42 299 41.57 331 43.72 363 43.55 \
275 44.25 307 44.49 339 45.18 371 44.73 283 43.55 315 42.77 347 43.15 379 43.07 \
261 44.99 293 44.57 325 48.33 357 50.37 269 41.61 301 42.14 333 45.04 365 43.92 \
277 45.27 309 46.23 341 47.49 373 46.12 285 42.40 317 43.21 349 45.04 381 44.48 \
263 44.15 295 44.03 327 45.26 359 46.92 271 39.25 303 41.82 335 43.90 367 43.81 \
279 44.73 311 43.35 343 46.26 375 44.32 287 42.00 319 42.51 351 43.15 383 46.81 \
256 45.60 288 45.06 320 49.80 352 46.50 264 41.75 296 44.40 328 46.00 360 45.19 \
272 44.40 304 44.97 336 47.61 368 45.31 280 43.84 312 40.62 344 45.04 376 45.73 \
258 44.51 290 45.07 322 46.78 354 45.05 266 41.48 298 43.59 330 44.33 362 44.01 \
274 44.90 306 45.08 338 46.13 370 45.44 282 45.08 314 43.52 346 42.99 378 45.94 \
260 45.52 292 46.27 324 49.52 356 51.66 268 43.60 300 43.93 332 46.72 364 44.59 \
276 43.91 308 44.23 340 47.99 372 45.99 284 43.32 316 45.67 348 45.53 380 45.06 \
262 45.28 294 45.05 326 47.59 358 47.96 270 42.85 302 43.02 334 44.90 366 43.58 \
278 44.33 310 44.70 342 46.55 374 45.82 286 42.74 318 42.02 350 43.37 382 46.20 \
385 41.88 417 41.91 449 46.83 481 46.63 393 36.97 425 39.69 457 44.70 489 40.92 \
401 43.47 433 42.02 465 44.36 497 45.40 409 45.19 441 40.47 473 41.37 505 45.49 \
387 39.21 419 41.53 451 41.61 483 45.56 395 39.88 427 38.60 459 41.93 491 41.35 \
403 43.04 435 40.87 467 42.66 499 44.34 411 41.24 443 40.21 475 39.98 507 47.35 \
389 40.13 421 42.59 453 45.38 485 48.95 397 41.80 429 39.45 461 43.69 493 42.99 \
405 42.86 437 42.36 469 44.57 501 46.02 413 39.29 445 40.43 477 43.76 509 51.04 \
391 39.41 423 40.38 455 42.54 487 45.17 399 42.39 431 38.38 463 40.20 495 42.01 \
407 43.51 439 39.99 471 41.68 503 46.59 415 39.92 447 39.81 479 41.93 511 94.30 \
384 42.06 416 42.10 448 46.45 480 45.22 392 37.67 424 41.27 456 43.84 488 44.43 \
400 43.35 432 43.88 464 44.05 496 45.23 408 38.04 440 8640.94 472 41.73 504 48.40 \
386 41.21 418 42.55 450 43.33 482 44.70 394 39.47 426 40.31 458 41.42 490 42.89 \
402 43.78 434 42.93 466 43.50 498 45.66 410 43.37 442 40.57 474 40.15 506 49.25 \
388 40.83 420 43.93 452 46.12 484 49.24 396 41.47 428 41.30 460 43.52 492 42.64 \
404 42.52 436 42.38 468 44.62 500 47.61 412 40.93 444 41.64 476 42.16 508 52.16 \
390 40.97 422 41.56 454 43.30 486 47.27 398 41.95 430 40.22 462 41.87 494 42.56 \
406 42.98 438 42.59 470 43.31 502 46.88 414 40.20 446 40.34 478 41.60 510 59.79 
sbs.gems.x3.ped = \
1 810.27 33 669.25 65 757.40 97 823.97 9 713.65 41 742.49 73 757.91 105 837.57 \
17 711.66 49 724.79 81 779.01 113 860.77 25 716.08 57 727.45 89 808.73 121 843.01 \
3 736.49 35 722.49 67 777.59 99 830.31 11 715.97 43 736.33 75 763.35 107 840.06 \
19 721.11 51 731.35 83 785.82 115 880.08 27 708.45 59 744.61 91 816.95 123 851.60 \
5 734.31 37 719.84 69 777.48 101 836.26 13 713.80 45 746.46 77 782.58 109 860.28 \
21 725.89 53 751.08 85 786.53 117 862.56 29 716.58 61 743.67 93 824.60 125 871.66 \
7 740.75 39 707.13 71 776.12 103 828.51 15 702.63 47 729.05 79 780.14 111 857.14 \
23 734.24 55 741.36 87 803.69 119 869.97 31 740.29 63 735.25 95 796.95 127 886.12 \
0 714.42 32 728.37 64 769.84 96 848.34 8 706.00 40 728.64 72 779.73 104 838.13 \
16 721.87 48 738.27 80 798.13 112 866.15 24 748.16 56 748.35 88 805.19 120 904.55 \
2 698.12 34 721.60 66 741.57 98 852.03 10 722.78 42 737.05 74 771.29 106 869.87 \
18 764.80 50 735.23 82 817.84 114 877.61 26 723.82 58 748.60 90 830.33 122 907.24 \
4 730.72 36 739.24 68 777.81 100 846.13 12 717.06 44 728.02 76 778.00 108 859.87 \
20 710.42 52 750.79 84 836.36 116 874.98 28 737.85 60 762.54 92 825.91 124 902.40 \
6 719.63 38 728.88 70 782.64 102 841.10 14 725.04 46 743.68 78 795.82 110 852.24 \
22 720.18 54 751.94 86 816.60 118 862.19 30 735.57 62 742.20 94 832.15 126 927.45 \
129 1037.44 161 938.61 193 1002.17 225 1076.82 137 964.06 169 974.43 201 1018.80 233 1084.62 \
145 945.96 177 992.21 209 1014.34 241 1086.41 153 953.04 185 999.31 217 1043.01 249 1084.35 \
131 989.60 163 1012.13 195 1028.95 227 1040.04 139 953.19 171 977.74 203 1033.82 235 1087.67 \
147 990.79 179 984.60 211 1051.72 243 1093.72 155 979.21 187 990.33 219 1058.81 251 1095.98 \
133 977.15 165 991.12 197 1029.22 229 1083.76 141 967.66 173 978.29 205 1027.52 237 1078.45 \
149 980.31 181 1015.41 213 1035.13 245 1103.60 157 959.69 189 996.59 221 1038.34 253 1102.61 \
135 977.81 167 981.27 199 1030.42 231 1083.64 143 965.63 175 985.30 207 1020.70 239 1067.24 \
151 993.88 183 966.88 215 1039.44 247 1096.06 159 979.24 191 983.11 223 1065.95 255 1117.21 \
128 972.70 160 962.43 192 998.20 224 1056.27 136 985.77 168 984.29 200 1045.73 232 1088.64 \
144 982.31 176 988.31 208 1044.91 240 1097.74 152 973.56 184 989.76 216 1064.45 248 1119.70 \
130 969.63 162 979.27 194 1013.13 226 1087.33 138 972.45 170 994.11 202 1051.41 234 1064.29 \
146 989.71 178 985.15 210 1040.03 242 1095.73 154 973.81 186 1020.96 218 1058.44 250 1130.73 \
132 952.62 164 967.18 196 1058.99 228 1082.25 140 972.57 172 976.12 204 1041.95 236 1071.25 \
148 991.18 180 996.70 212 1049.63 244 1084.59 156 967.65 188 1002.01 220 1054.14 252 1137.54 \
134 976.28 166 964.02 198 1030.35 230 1082.07 142 978.44 174 990.58 206 1031.04 238 1115.24 \
150 992.22 182 964.70 214 1050.26 246 1097.41 158 991.58 190 1011.10 222 1072.32 254 1196.52 
sbs.gems.x3.rms = \
1 67.39 33 60.24 65 66.68 97 66.69 9 59.14 41 57.57 73 73.70 105 66.25 \
17 58.77 49 58.61 81 64.71 113 66.68 25 59.83 57 58.36 89 64.44 121 63.62 \
3 64.01 35 58.87 67 64.94 99 66.34 11 58.74 43 56.61 75 74.95 107 58.82 \
19 62.86 51 58.92 83 63.34 115 66.99 27 64.41 59 57.28 91 61.34 123 64.13 \
5 64.42 37 58.00 69 67.51 101 69.59 13 58.52 45 57.30 77 69.63 109 64.83 \
21 59.57 53 59.35 85 65.93 117 65.58 29 56.49 61 57.38 93 63.45 125 67.10 \
7 63.65 39 56.96 71 63.46 103 74.25 15 59.26 47 54.85 79 64.12 111 63.65 \
23 59.76 55 59.67 87 62.93 119 66.53 31 58.28 63 56.68 95 60.48 127 76.69 \
0 88.24 32 61.17 64 65.33 96 66.24 8 56.99 40 56.41 72 64.41 104 65.00 \
16 58.70 48 58.70 80 61.99 112 64.23 24 58.40 56 52.78 88 61.04 120 66.26 \
2 66.79 34 59.89 66 61.04 98 63.94 10 58.30 42 55.60 74 66.49 106 63.67 \
18 57.81 50 58.79 82 61.23 114 65.64 26 63.65 58 58.43 90 33.35 122 67.21 \
4 63.84 36 58.46 68 67.34 100 65.94 12 57.39 44 56.96 76 67.87 108 61.97 \
20 57.19 52 57.52 84 64.38 116 65.96 28 59.15 60 58.15 92 61.13 124 67.23 \
6 62.09 38 57.50 70 63.43 102 70.19 14 57.33 46 55.86 78 60.98 110 62.37 \
22 58.47 54 57.09 86 61.01 118 66.19 30 57.48 62 55.87 94 61.32 126 70.40 \
129 60.03 161 61.62 193 66.71 225 70.41 137 57.72 169 56.91 201 65.21 233 70.10 \
145 59.37 177 59.76 209 66.52 241 72.93 153 68.37 185 57.62 217 64.30 249 97.26 \
131 60.50 163 58.84 195 61.47 227 73.92 139 58.92 171 55.64 203 60.54 235 67.33 \
147 61.89 179 58.95 211 60.29 243 77.59 155 61.78 187 56.95 219 60.40 251 125.31 \
133 61.98 165 58.38 197 65.95 229 87.68 141 58.08 173 56.00 205 65.24 237 71.44 \
149 62.04 181 61.11 213 66.72 245 91.33 157 57.33 189 56.04 221 67.00 253 163.40 \
135 63.29 167 56.19 199 62.56 231 75.61 143 59.05 175 55.64 207 60.94 239 70.56 \
151 62.77 183 58.64 215 63.28 247 87.53 159 58.67 191 58.37 223 63.67 255 218.37 \
128 70.55 160 55.37 192 64.88 224 70.65 136 56.34 168 54.42 200 62.44 232 69.72 \
144 59.71 176 58.92 208 64.55 240 83.36 152 59.54 184 51.30 216 62.92 248 94.65 \
130 58.40 162 55.44 194 59.96 226 70.37 138 56.82 170 55.84 202 57.57 234 69.35 \
146 59.28 178 60.08 210 59.30 242 85.32 154 66.89 186 55.88 218 57.74 250 108.31 \
132 58.31 164 56.60 196 64.47 228 86.05 140 57.78 172 55.75 204 63.58 236 71.80 \
148 59.87 180 56.69 212 64.70 244 88.92 156 59.80 188 55.93 220 62.85 252 127.47 \
134 58.99 166 54.32 198 60.08 230 77.89 142 56.62 174 55.96 206 58.75 238 70.99 \
150 60.73 182 58.78 214 62.80 246 95.29 158 58.94 190 55.94 222 63.03 254 258.80 
sbs.gems.y3.ped = \
1 854.01 33 714.55 65 797.15 97 842.30 9 772.19 41 787.06 73 780.12 105 850.75 \
17 782.96 49 787.95 81 804.24 113 872.84 25 788.27 57 788.30 89 807.10 121 881.86 \
3 799.83 35 790.59 67 795.39 99 841.81 11 777.60 43 782.02 75 776.72 107 854.97 \
19 782.62 51 795.30 83 793.74 115 884.06 27 792.23 59 797.44 91 825.24 123 894.41 \
5 782.82 37 793.24 69 785.48 101 868.13 13 796.09 45 779.26 77 782.71 109 868.87 \
21 805.85 53 803.71 85 805.88 117 857.88 29 784.29 61 800.20 93 823.91 125 911.39 \
7 814.33 39 795.48 71 797.51 103 838.69 15 796.72 47 794.12 79 809.25 111 861.47 \
23 796.51 55 785.44 87 819.52 119 882.22 31 785.23 63 784.70 95 820.89 127 898.01 \
0 784.34 32 778.28 64 814.74 96 877.64 8 778.23 40 800.51 72 786.79 104 875.95 \
16 796.59 48 805.08 80 798.91 112 865.79 24 780.92 56 794.78 88 825.87 120 904.96 \
2 774.09 34 791.82 66 785.85 98 862.07 10 792.72 42 797.57 74 787.71 106 882.42 \
18 802.82 50 773.37 82 812.81 114 882.03 26 796.31 58 786.23 90 854.58 122 916.01 \
4 786.16 36 779.85 68 810.75 100 851.83 12 791.11 44 794.50 76 798.47 108 891.92 \
20 784.49 52 803.13 84 796.56 116 879.79 28 790.19 60 793.84 92 842.45 124 936.45 \
6 789.56 38 802.08 70 780.97 102 847.32 14 777.82 46 788.56 78 790.20 110 892.90 \
22 799.13 54 799.13 86 810.39 118 889.20 30 783.31 62 779.36 94 844.22 126 965.29 \
129 950.88 161 769.77 193 858.95 225 919.13 137 847.08 169 820.22 201 861.18 233 943.15 \
145 852.85 177 834.66 209 866.54 241 930.68 153 852.76 185 843.42 217 886.81 249 961.39 \
131 918.47 163 827.35 195 862.40 227 916.70 139 880.09 171 816.31 203 851.31 235 951.14 \
147 870.55 179 823.28 211 841.75 243 947.23 155 848.29 187 840.45 219 878.07 251 947.74 \
133 903.78 165 837.48 197 878.32 229 907.56 141 853.76 173 844.22 205 870.88 237 952.52 \
149 843.83 181 847.12 213 863.97 245 938.26 157 847.59 189 820.65 221 869.70 253 964.17 \
135 890.47 167 825.35 199 847.10 231 913.00 143 865.06 175 838.83 207 865.61 239 922.67 \
151 848.07 183 842.72 215 856.40 247 940.85 159 838.25 191 840.10 223 897.62 255 975.02 \
128 891.89 160 825.90 192 861.74 224 932.74 136 863.36 168 839.70 200 850.00 232 929.05 \
144 840.90 176 833.82 208 900.55 240 945.79 152 846.23 184 849.20 216 878.55 248 960.89 \
130 870.63 162 816.16 194 869.57 226 942.71 138 841.79 170 805.37 202 852.64 234 944.91 \
146 845.09 178 843.28 210 866.01 242 947.59 154 841.99 186 848.73 218 899.94 250 973.63 \
132 878.41 164 825.80 196 878.20 228 919.35 140 841.37 172 827.43 204 859.85 236 950.34 \
148 833.96 180 845.28 212 873.93 244 955.18 156 838.47 188 838.15 220 893.32 252 972.20 \
134 867.10 166 833.83 198 862.60 230 929.31 142 858.85 174 818.49 206 857.69 238 941.23 \
150 834.96 182 855.14 214 867.15 246 947.88 158 844.04 190 850.23 222 896.97 254 1001.68 \
257 868.24 289 745.06 321 801.19 353 855.69 265 761.67 297 783.43 329 826.70 361 871.20 \
273 761.71 305 797.83 337 827.51 369 869.14 281 796.33 313 818.32 345 817.00 377 903.15 \
259 788.06 291 797.34 323 828.65 355 865.30 267 783.38 299 792.12 331 814.65 363 868.18 \
275 810.85 307 794.67 339 816.51 371 869.75 283 797.21 315 801.85 347 836.26 379 895.91 \
261 799.53 293 817.36 325 831.08 357 872.25 269 786.14 301 813.99 333 835.45 365 849.50 \
277 778.04 309 830.42 341 826.80 373 862.27 285 799.10 317 825.01 349 829.12 381 900.33 \
263 777.93 295 806.82 327 828.43 359 872.28 271 790.71 303 800.97 335 831.27 367 855.51 \
279 794.98 311 791.75 343 836.79 375 894.83 287 800.04 319 793.72 351 835.37 383 933.70 \
256 793.57 288 803.88 320 836.89 352 878.87 264 783.90 296 816.53 328 838.99 360 882.14 \
272 776.84 304 794.34 336 836.04 368 879.52 280 798.89 312 831.98 344 862.19 376 900.64 \
258 779.35 290 798.95 322 840.35 354 861.61 266 788.65 298 805.97 330 835.19 362 890.92 \
274 778.87 306 828.83 338 831.06 370 890.89 282 786.99 314 800.95 346 848.51 378 924.35 \
260 774.57 292 824.68 324 817.97 356 854.19 268 777.46 300 799.97 332 823.50 364 865.75 \
276 790.30 308 808.10 340 844.18 372 889.02 284 817.11 316 801.54 348 855.20 380 933.48 \
262 792.79 294 781.27 326 826.59 358 862.98 270 780.79 302 826.05 334 821.84 366 874.42 \
278 794.95 310 815.14 342 830.57 374 892.42 286 801.60 318 813.31 350 869.68 382 962.75 \
385 850.83 417 724.39 449 794.39 481 841.65 393 766.74 425 802.17 457 810.63 489 853.13 \
401 789.07 433 784.90 465 832.61 497 854.76 409 759.69 441 814.52 473 854.33 505 864.67 \
387 788.03 419 763.96 451 798.45 483 870.13 395 773.94 427 803.46 459 806.93 491 858.72 \
403 774.86 435 817.35 467 847.18 499 872.48 411 778.34 443 806.37 475 840.18 507 869.68 \
389 778.62 421 783.56 453 801.27 485 861.29 397 787.12 429 812.31 461 812.93 493 858.87 \
405 775.72 437 788.99 469 842.52 501 868.14 413 776.36 445 799.73 477 843.21 509 873.70 \
391 779.59 423 800.32 455 817.05 487 876.91 399 771.38 431 769.47 463 826.02 495 874.09 \
407 785.01 439 808.49 471 820.08 503 855.99 415 781.86 447 802.71 479 868.41 511 900.28 \
384 774.17 416 783.95 448 826.62 480 865.27 392 793.55 424 816.63 456 815.07 488 866.76 \
400 794.18 432 789.53 464 830.90 496 854.28 408 780.59 440 817.33 472 873.00 504 900.34 \
386 765.59 418 781.46 450 786.88 482 863.98 394 797.90 426 815.91 458 837.72 490 864.78 \
402 775.99 434 807.72 466 829.84 498 838.18 410 797.34 442 794.58 474 862.48 506 913.32 \
388 759.16 420 803.37 452 804.20 484 858.07 396 786.88 428 795.37 460 832.47 492 865.08 \
404 789.14 436 825.05 468 867.28 500 885.74 412 776.50 444 817.64 476 869.52 508 935.28 \
390 782.94 422 796.89 454 811.24 486 870.85 398 776.05 430 811.13 462 843.75 494 871.88 \
406 786.16 438 804.92 470 854.11 502 862.54 414 776.38 446 777.65 478 837.04 510 964.32 
sbs.gems.y3.rms = \
1 128.93 33 45.53 65 41.17 97 41.42 9 49.59 41 37.77 73 41.29 105 39.87 \
17 41.32 49 38.50 81 41.74 113 41.98 25 43.85 57 37.74 89 38.64 121 35.55 \
3 77.42 35 40.26 67 39.05 99 41.51 11 47.53 43 36.62 75 37.52 107 39.48 \
19 43.08 51 37.60 83 39.39 115 40.02 27 41.09 59 35.75 91 38.31 123 36.73 \
5 65.32 37 41.91 69 41.66 101 46.16 13 44.66 45 36.93 77 39.02 109 40.90 \
21 42.96 53 38.90 85 41.61 117 38.23 29 37.52 61 36.38 93 39.41 125 38.66 \
7 55.83 39 37.44 71 38.85 103 41.43 15 43.58 47 35.65 79 37.96 111 40.92 \
23 40.85 55 36.13 87 39.79 119 37.31 31 37.06 63 33.64 95 37.82 127 43.64 \
0 134.80 32 50.94 64 40.67 96 42.43 8 53.35 40 39.44 72 39.92 104 40.27 \
16 45.06 48 40.33 80 41.00 112 43.00 24 41.77 56 34.68 88 40.38 120 38.50 \
2 92.80 34 44.18 66 39.31 98 41.40 10 49.35 42 38.71 74 38.37 106 39.24 \
18 45.25 50 39.53 82 39.28 114 39.30 26 43.80 58 36.85 90 39.65 122 37.63 \
4 70.89 36 43.67 68 43.97 100 46.23 12 48.15 44 38.62 76 40.02 108 41.53 \
20 43.65 52 39.15 84 42.01 116 38.83 28 39.40 60 38.03 92 40.83 124 40.30 \
6 60.63 38 40.49 70 39.33 102 43.15 14 45.34 46 37.68 78 38.50 110 39.31 \
22 43.76 54 39.23 86 39.31 118 38.74 30 39.52 62 36.39 94 39.08 126 41.45 \
129 47.99 161 45.85 193 51.46 225 49.49 137 44.08 169 43.29 201 47.53 233 46.50 \
145 43.33 177 44.67 209 48.66 241 45.89 153 46.59 185 45.07 217 46.23 249 47.50 \
131 44.61 163 44.35 195 47.37 227 49.94 139 44.71 171 40.80 203 45.53 235 46.10 \
147 44.93 179 43.38 211 45.58 243 48.02 155 44.15 187 43.44 219 44.79 251 46.30 \
133 45.78 165 44.29 197 51.99 229 51.60 141 44.13 173 42.92 205 46.50 237 46.08 \
149 45.20 181 45.40 213 48.12 245 48.88 157 41.91 189 45.35 221 48.31 253 49.21 \
135 45.74 167 42.29 199 46.78 231 47.60 143 44.33 175 41.41 207 45.72 239 44.79 \
151 45.12 183 43.63 215 46.03 247 47.67 159 43.04 191 42.15 223 44.40 255 54.84 \
128 46.59 160 45.88 192 52.19 224 48.91 136 43.83 168 43.62 200 48.01 232 46.75 \
144 45.43 176 44.47 208 48.24 240 47.59 152 45.87 184 42.38 216 45.85 248 49.94 \
130 45.27 162 45.05 194 46.87 226 48.61 138 45.35 170 42.96 202 45.71 234 46.53 \
146 44.60 178 44.67 210 45.53 242 48.06 154 46.71 186 44.40 218 44.99 250 50.92 \
132 44.37 164 44.78 196 52.13 228 53.34 140 43.64 172 42.87 204 47.67 236 46.34 \
148 44.12 180 45.27 212 48.03 244 52.80 156 45.70 188 47.48 220 47.20 252 50.90 \
134 45.52 166 43.10 198 48.25 230 48.88 142 42.24 174 43.45 206 44.54 238 46.42 \
150 44.84 182 45.87 214 46.40 246 51.37 158 44.99 190 44.25 222 45.42 254 51.16 \
257 43.29 289 41.68 321 46.68 353 45.32 265 40.13 297 39.96 329 46.20 361 44.54 \
273 42.57 305 42.81 337 44.72 369 46.16 281 43.52 313 40.60 345 42.69 377 42.39 \
259 43.39 291 40.91 323 43.80 355 46.46 267 41.14 299 41.34 331 42.67 363 42.40 \
275 41.63 307 41.91 339 42.28 371 45.54 283 42.17 315 40.79 347 41.67 379 69.37 \
261 42.84 293 41.72 325 46.31 357 49.74 269 42.33 301 41.74 333 43.46 365 43.68 \
277 41.83 309 43.70 341 44.45 373 44.32 285 39.72 317 42.22 349 43.78 381 43.25 \
263 41.66 295 39.75 327 44.03 359 44.65 271 40.62 303 40.01 335 42.50 367 41.96 \
279 42.81 311 40.90 343 42.26 375 42.77 287 40.29 319 39.44 351 41.88 383 48.47 \
256 42.68 288 42.39 320 47.97 352 46.32 264 40.61 296 41.08 328 44.43 360 43.98 \
272 42.45 304 42.59 336 45.22 368 45.71 280 41.74 312 39.05 344 43.56 376 45.44 \
258 42.56 290 42.90 322 44.65 354 46.31 266 41.63 298 40.85 330 41.88 362 43.49 \
274 43.17 306 42.63 338 42.12 370 45.28 282 43.55 314 40.69 346 42.10 378 45.03 \
260 41.78 292 43.93 324 47.13 356 48.98 268 41.92 300 40.74 332 43.40 364 44.43 \
276 41.18 308 41.74 340 45.98 372 46.00 284 42.31 316 40.23 348 44.18 380 44.66 \
262 43.11 294 42.01 326 43.93 358 47.13 270 42.45 302 41.31 334 42.42 366 43.03 \
278 42.08 310 41.56 342 42.56 374 74.79 286 41.33 318 41.01 350 42.74 382 46.86 \
385 40.50 417 41.47 449 45.16 481 45.69 393 35.26 425 38.66 457 42.83 489 42.24 \
401 38.81 433 40.20 465 43.82 497 42.05 409 42.46 441 38.46 473 42.31 505 43.42 \
387 38.91 419 39.60 451 40.63 483 44.69 395 39.41 427 38.92 459 39.63 491 39.22 \
403 39.75 435 39.53 467 41.65 499 41.97 411 39.49 443 38.66 475 39.03 507 44.52 \
389 4747.11 421 38.86 453 44.90 485 48.60 397 39.97 429 38.45 461 41.30 493 41.78 \
405 40.15 437 41.40 469 43.95 501 42.65 413 36.53 445 38.11 477 42.52 509 48.16 \
391 279286.33 423 39.54 455 41.56 487 43.99 399 39.17 431 38.27 463 39.71 495 39.42 \
407 40.79 439 38.91 471 40.82 503 41.44 415 37.58 447 37.67 479 40.67 511 78.79 \
384 41.16 416 38.16 448 46.13 480 43.70 392 36.33 424 38.06 456 42.47 488 42.87 \
400 40.11 432 41.67 464 44.64 496 44.37 408 39.14 440 36.94 472 41.59 504 44.88 \
386 36.42 418 39.64 450 41.62 482 42.86 394 36.30 426 38.66 458 39.97 490 40.67 \
402 40.96 434 40.80 466 40.10 498 44.03 410 40.34 442 39.66 474 38.96 506 45.91 \
388 38.09 420 39.96 452 46.15 484 47.29 396 39.61 428 38.68 460 43.04 492 40.71 \
404 39.21 436 41.89 468 43.52 500 44.10 412 39.79 444 40.71 476 43.22 508 49.62 \
390 39.22 422 38.78 454 41.78 486 43.05 398 37.93 430 38.83 462 41.01 494 39.10 \
406 40.81 438 40.62 470 40.40 502 44.56 414 39.75 446 38.85 478 40.26 510 58.34 
sbs.gems.x1.ped = \
1 990.48 33 843.41 65 872.72 97 927.34 9 868.81 41 893.44 73 903.85 105 956.62 \
17 871.32 49 906.08 81 901.51 113 976.22 25 884.90 57 894.25 89 887.25 121 964.19 \
3 896.28 35 875.80 67 911.67 99 955.07 11 871.71 43 898.26 75 907.05 107 941.90 \
19 886.37 51 907.85 83 916.71 115 964.70 27 887.66 59 906.28 91 917.42 123 970.54 \
5 901.65 37 888.06 69 910.52 101 903.57 13 883.41 45 902.97 77 932.66 109 956.34 \
21 874.37 53 900.25 85 923.09 117 950.85 29 891.02 61 927.46 93 937.55 125 977.12 \
7 891.71 39 888.53 71 890.30 103 940.77 15 905.99 47 894.46 79 894.12 111 950.10 \
23 880.78 55 913.43 87 931.60 119 958.61 31 891.84 63 920.82 95 923.28 127 984.03 \
0 885.25 32 876.33 64 909.64 96 959.45 8 900.94 40 912.58 72 908.15 104 965.41 \
16 897.53 48 912.04 80 937.06 112 972.92 24 878.81 56 896.06 88 933.83 120 986.79 \
2 903.45 34 893.41 66 896.43 98 944.30 10 864.06 42 878.63 74 914.63 106 957.99 \
18 870.82 50 899.68 82 911.95 114 983.52 26 873.44 58 907.51 90 921.36 122 1021.03 \
4 883.36 36 880.62 68 917.19 100 983.33 12 887.26 44 912.09 76 910.92 108 951.76 \
20 878.91 52 894.18 84 931.74 116 958.10 28 875.27 60 901.60 92 930.69 124 1018.36 \
6 888.04 38 904.13 70 902.42 102 958.37 14 872.64 46 902.71 78 906.85 110 962.26 \
22 890.70 54 893.62 86 900.05 118 989.29 30 880.45 62 896.25 94 920.24 126 1031.62 \
129 867.93 161 703.91 193 726.38 225 803.64 137 751.45 169 735.73 201 756.22 233 816.93 \
145 742.90 177 735.10 209 774.25 241 831.95 153 755.17 185 725.32 217 778.96 249 843.08 \
131 775.27 163 734.71 195 727.35 227 779.15 139 751.30 171 735.90 203 758.34 235 815.99 \
147 725.86 179 716.59 211 769.36 243 825.99 155 737.29 187 728.00 219 769.49 251 855.70 \
133 769.18 165 729.11 197 749.89 229 802.60 141 743.65 173 732.98 205 761.86 237 826.96 \
149 743.78 181 742.03 213 786.84 245 836.12 157 743.49 189 753.08 221 777.69 253 855.80 \
135 768.34 167 740.61 199 749.20 231 809.71 143 744.59 175 734.09 207 780.07 239 821.63 \
151 738.73 183 729.51 215 783.17 247 856.34 159 735.47 191 736.25 223 796.94 255 816.65 \
128 779.99 160 732.57 192 740.81 224 833.24 136 770.05 168 728.06 200 762.10 232 814.33 \
144 727.97 176 727.54 208 769.01 240 852.94 152 749.84 184 733.73 216 776.26 248 878.26 \
130 770.75 162 717.38 194 734.14 226 808.83 138 735.36 170 741.92 202 765.50 234 811.21 \
146 746.21 178 731.42 210 781.18 242 832.53 154 751.43 186 749.73 218 787.41 250 870.97 \
132 763.93 164 748.95 196 762.54 228 819.27 140 752.97 172 723.24 204 741.40 236 819.79 \
148 751.89 180 743.80 212 799.10 244 844.30 156 748.27 188 744.99 220 809.50 252 900.19 \
134 774.24 166 739.33 198 764.71 230 818.77 142 751.96 174 713.75 206 763.71 238 829.66 \
150 763.81 182 736.18 214 773.39 246 875.03 158 747.56 190 737.20 222 799.38 254 945.69 
sbs.gems.x1.rms = \
1 77.20 33 68.09 65 75.47 97 73.74 9 63.31 41 62.82 73 74.89 105 73.21 \
17 65.08 49 66.03 81 71.77 113 74.59 25 65.81 57 65.08 89 69.19 121 70.26 \
3 69.26 35 65.61 67 68.71 99 75.87 11 63.11 43 62.77 75 69.29 107 71.31 \
19 64.59 51 65.96 83 69.61 115 72.89 27 70.25 59 63.70 91 67.37 123 70.46 \
5 70.65 37 65.90 69 75.03 101 76.76 13 63.77 45 61.39 77 70.98 109 72.02 \
21 65.38 53 68.55 85 72.81 117 74.85 29 61.84 61 64.16 93 73.18 125 75.30 \
7 68.11 39 64.18 71 71.95 103 92.36 15 63.47 47 60.33 79 66.00 111 69.22 \
23 66.41 55 65.55 87 69.49 119 71.99 31 62.05 63 63.88 95 69.03 127 85.40 \
0 89.03 32 68.63 64 73.17 96 73.58 8 62.89 40 63.61 72 68.98 104 73.23 \
16 64.51 48 68.54 80 71.52 112 75.94 24 62.31 56 58.37 88 69.07 120 73.78 \
2 69.58 34 67.23 66 69.80 98 71.58 10 62.59 42 62.19 74 66.08 106 70.36 \
18 65.42 50 65.66 82 66.76 114 75.39 26 71.22 58 63.60 90 65.74 122 73.78 \
4 67.98 36 66.35 68 74.24 100 76.76 12 61.77 44 62.25 76 69.75 108 71.22 \
20 63.16 52 64.65 84 70.09 116 75.49 28 63.89 60 63.88 92 70.11 124 79.03 \
6 68.66 38 65.36 70 70.05 102 83.36 14 62.28 46 62.61 78 66.61 110 68.90 \
22 62.81 54 63.34 86 67.50 118 73.22 30 62.37 62 62.18 94 68.50 126 76.61 \
129 65.35 161 65.74 193 73.83 225 78.54 137 60.67 169 59.95 201 74.49 233 78.86 \
145 63.35 177 62.01 209 73.84 241 84.36 153 74.68 185 61.69 217 67.45 249 102.65 \
131 65.93 163 62.19 195 67.90 227 82.32 139 60.96 171 58.97 203 65.86 235 75.01 \
147 64.34 179 62.16 211 67.29 243 86.78 155 66.62 187 60.76 219 65.29 251 124.31 \
133 68.07 165 62.76 197 75.87 229 98.61 141 61.82 173 57.65 205 69.13 237 78.21 \
149 64.23 181 63.06 213 72.43 245 92.33 157 61.58 189 60.92 221 71.15 253 186.46 \
135 69.14 167 60.46 199 68.81 231 82.35 143 61.34 175 59.00 207 67.19 239 76.07 \
151 67.33 183 62.13 215 69.03 247 97.87 159 62.37 191 60.53 223 67.06 255 250.54 \
128 79.40 160 62.33 192 75.42 224 78.61 136 60.16 168 60.59 200 69.42 232 78.51 \
144 63.93 176 64.44 208 70.65 240 90.54 152 65.96 184 56.88 216 67.54 248 104.95 \
130 66.73 162 64.05 194 69.15 226 77.54 138 60.93 170 60.86 202 65.43 234 75.58 \
146 65.79 178 64.54 210 65.43 242 88.21 154 74.82 186 62.26 218 63.17 250 115.11 \
132 65.14 164 62.97 196 75.02 228 103.50 140 61.08 172 59.87 204 69.49 236 80.68 \
148 64.03 180 63.04 212 73.07 244 95.69 156 63.37 188 63.33 220 68.32 252 210.86 \
134 65.22 166 61.39 198 69.64 230 89.64 142 60.98 174 60.38 206 65.27 238 81.23 \
150 67.00 182 64.59 214 68.71 246 115.50 158 65.03 190 62.50 222 68.13 254 294.42 
sbs.gems.y1.ped = \
1 867.67 33 666.82 65 736.78 97 835.03 9 769.62 41 722.22 73 781.66 105 846.62 \
17 766.49 49 733.53 81 791.60 113 830.21 25 749.39 57 735.16 89 839.01 121 837.02 \
3 799.19 35 751.54 67 768.28 99 854.67 11 772.27 43 728.96 75 776.65 107 853.11 \
19 753.06 51 745.39 83 809.00 115 851.55 27 752.63 59 749.10 91 828.89 123 831.82 \
5 795.58 37 747.06 69 781.52 101 842.16 13 774.24 45 726.66 77 797.86 109 835.27 \
21 764.82 53 738.07 85 805.20 117 849.95 29 746.10 61 741.94 93 840.10 125 857.85 \
7 800.33 39 723.80 71 747.94 103 858.27 15 765.61 47 727.65 79 767.58 111 839.27 \
23 779.45 55 730.87 87 799.22 119 852.08 31 742.26 63 750.93 95 848.40 127 838.17 \
0 780.47 32 750.51 64 771.47 96 838.38 8 773.34 40 734.26 72 785.04 104 841.08 \
16 741.77 48 735.24 80 819.22 112 834.47 24 743.16 56 725.60 88 822.03 120 858.77 \
2 791.53 34 721.97 66 774.50 98 843.43 10 773.58 42 733.03 74 777.36 106 839.64 \
18 781.13 50 734.13 82 817.33 114 832.66 26 725.71 58 721.42 90 844.84 122 877.36 \
4 784.12 36 730.50 68 792.14 100 875.47 12 777.57 44 744.97 76 790.00 108 847.63 \
20 747.62 52 741.95 84 830.09 116 849.10 28 745.26 60 770.84 92 845.47 124 871.76 \
6 770.23 38 749.72 70 783.09 102 854.82 14 768.52 46 723.89 78 789.36 110 873.25 \
22 741.62 54 736.56 86 818.33 118 837.84 30 750.86 62 736.80 94 839.12 126 926.14 \
129 788.35 161 660.90 193 745.15 225 786.96 137 712.92 169 724.16 201 773.24 233 778.64 \
145 717.33 177 735.65 209 785.15 241 800.57 153 721.63 185 748.33 217 788.94 249 793.27 \
131 731.36 163 728.49 195 769.78 227 805.19 139 730.99 171 737.32 203 760.69 235 795.59 \
147 701.03 179 757.44 211 773.80 243 823.54 155 714.29 187 730.18 219 792.15 251 813.06 \
133 720.41 165 735.05 197 749.51 229 831.50 141 696.65 173 754.05 205 785.38 237 821.02 \
149 727.05 181 749.16 213 787.27 245 805.13 157 723.14 189 762.49 221 783.75 253 813.72 \
135 721.88 167 726.42 199 774.62 231 784.70 143 712.01 175 737.55 207 762.31 239 816.79 \
151 733.62 183 747.12 215 778.09 247 801.69 159 722.77 191 750.70 223 786.19 255 815.77 \
128 726.01 160 736.42 192 763.74 224 804.30 136 697.81 168 735.06 200 792.83 232 817.38 \
144 728.98 176 754.47 208 788.01 240 794.71 152 721.54 184 787.12 216 781.88 248 815.30 \
130 714.72 162 714.01 194 765.80 226 816.81 138 716.80 170 716.98 202 791.46 234 794.17 \
146 729.14 178 744.59 210 771.95 242 801.54 154 741.42 186 749.53 218 778.88 250 836.68 \
132 722.17 164 734.27 196 774.12 228 810.55 140 718.91 172 731.20 204 777.59 236 801.11 \
148 725.50 180 731.36 212 802.62 244 799.68 156 714.33 188 758.67 220 784.10 252 867.61 \
134 725.63 166 732.56 198 773.05 230 816.69 142 702.22 174 731.39 206 766.24 238 798.29 \
150 724.15 182 739.24 214 789.68 246 816.32 158 727.52 190 761.82 222 788.24 254 889.67 \
257 905.93 289 731.88 321 826.54 353 940.24 265 824.07 297 796.20 329 854.41 361 949.39 \
273 808.09 305 793.94 337 866.81 369 943.23 281 803.88 313 822.03 345 897.76 377 960.93 \
259 848.11 291 812.89 323 860.55 355 933.32 267 827.73 299 800.95 331 868.43 363 950.88 \
275 811.94 307 808.15 339 877.06 371 951.68 283 806.75 315 826.51 347 932.60 379 973.54 \
261 851.82 293 822.17 325 866.51 357 936.80 269 822.48 301 810.25 333 901.31 365 953.95 \
277 802.56 309 811.53 341 908.16 373 967.06 285 803.46 317 827.76 349 898.94 381 962.38 \
263 844.21 295 805.30 327 858.80 359 937.27 271 811.71 303 794.64 335 876.11 367 938.00 \
279 798.08 311 816.10 343 909.52 375 952.48 287 830.14 319 849.46 351 929.77 383 988.69 \
256 830.52 288 788.12 320 879.14 352 940.41 264 810.14 296 815.58 328 882.44 360 964.10 \
272 805.41 304 829.37 336 918.13 368 946.99 280 796.98 312 828.84 344 921.06 376 1000.61 \
258 833.24 290 795.51 322 847.22 354 931.68 266 819.58 298 822.64 330 874.88 362 957.67 \
274 800.28 306 812.93 338 907.76 370 964.98 282 793.84 314 826.83 346 942.96 378 1018.64 \
260 807.03 292 810.66 324 854.01 356 926.54 268 806.73 300 789.81 332 887.82 364 941.51 \
276 809.57 308 820.99 340 921.69 372 953.12 284 810.74 316 823.74 348 927.08 380 1013.35 \
262 820.14 294 810.46 326 882.19 358 950.04 270 827.97 302 795.42 334 869.87 366 953.64 \
278 802.90 310 845.81 342 918.28 374 969.09 286 800.26 318 817.93 350 948.68 382 1058.76 \
385 909.99 417 826.34 449 885.52 481 933.26 393 824.78 425 873.43 457 888.59 489 958.10 \
401 842.61 433 870.74 465 889.57 497 962.45 409 873.12 441 841.87 473 933.31 505 1008.34 \
387 861.57 419 844.85 451 849.38 483 923.92 395 857.95 427 842.61 459 887.42 491 955.70 \
403 855.47 435 832.54 467 913.11 499 988.81 411 858.84 443 852.20 475 904.39 507 989.25 \
389 849.83 421 860.41 453 883.56 485 946.97 397 836.74 429 848.65 461 897.41 493 976.57 \
405 864.08 437 853.25 469 908.36 501 986.30 413 874.61 445 879.99 477 909.68 509 1008.47 \
391 858.98 423 881.62 455 901.28 487 962.72 399 841.25 431 872.21 463 886.42 495 966.93 \
407 845.87 439 860.43 471 908.62 503 994.84 415 890.85 447 866.45 479 906.88 511 1003.53 \
384 883.29 416 864.99 448 882.96 480 950.89 392 844.09 424 873.27 456 904.57 488 984.78 \
400 864.15 432 872.70 464 902.30 496 978.03 408 884.34 440 842.83 472 899.95 504 1035.48 \
386 847.96 418 879.78 450 872.16 482 950.82 394 840.33 426 842.23 458 900.41 490 961.99 \
402 862.66 434 853.52 466 912.19 498 997.08 410 864.04 442 837.07 474 921.32 506 1021.92 \
388 828.06 420 885.86 452 895.47 484 939.86 396 835.16 428 865.05 460 922.99 492 991.49 \
404 857.67 436 845.38 468 888.36 500 990.22 412 868.14 444 860.97 476 925.97 508 1043.33 \
390 838.01 422 870.62 454 897.24 486 967.82 398 822.31 430 876.28 462 894.63 494 970.10 \
406 881.03 438 838.41 470 898.73 502 983.87 414 887.05 446 845.15 478 927.07 510 1059.87 
sbs.gems.y1.rms = \
1 115.16 33 49.71 65 48.64 97 47.99 9 55.55 41 41.96 73 47.47 105 46.97 \
17 48.52 49 43.26 81 48.26 113 44.63 25 47.55 57 41.49 89 45.91 121 43.26 \
3 91.41 35 45.07 67 44.45 99 48.12 11 51.34 43 40.62 75 43.65 107 44.70 \
19 47.57 51 42.22 83 45.27 115 44.02 27 43.86 59 40.66 91 44.58 123 48.64 \
5 75.49 37 42.69 69 48.40 101 52.05 13 49.89 45 40.91 77 46.75 109 45.46 \
21 48.57 53 43.57 85 46.75 117 45.72 29 41.61 61 39.92 93 47.00 125 61.31 \
7 56.37 39 44.82 71 44.49 103 46.98 15 43.45 47 39.89 79 42.94 111 45.81 \
23 46.75 55 40.85 87 45.55 119 43.14 31 41.49 63 40.11 95 44.42 127 55.87 \
0 377.36 32 55.01 64 47.38 96 47.79 8 57.88 40 41.95 72 46.51 104 48.15 \
16 51.41 48 43.09 80 49.40 112 48.59 24 45.68 56 38.63 88 44.96 120 48.13 \
2 106.81 34 48.22 66 45.28 98 46.89 10 55.70 42 42.11 74 42.93 106 46.10 \
18 49.16 50 42.69 82 45.39 114 44.88 26 46.48 58 41.72 90 44.35 122 45.63 \
4 84.61 36 46.51 68 50.27 100 52.72 12 51.90 44 42.80 76 46.89 108 46.87 \
20 47.49 52 43.39 84 48.51 116 46.20 28 44.98 60 42.84 92 47.00 124 59.94 \
6 67.70 38 44.24 70 44.99 102 50.02 14 49.55 46 41.57 78 43.63 110 45.78 \
22 48.05 54 42.61 86 45.95 118 46.07 30 43.74 62 40.34 94 44.20 126 60.52 \
129 44.02 161 45.44 193 50.45 225 49.48 137 42.33 169 41.93 201 48.44 233 44.48 \
145 42.58 177 45.53 209 48.10 241 48.85 153 48.74 185 43.85 217 44.49 249 46.61 \
131 45.07 163 44.29 195 47.55 227 48.68 139 42.41 171 41.99 203 45.15 235 44.03 \
147 42.90 179 44.98 211 45.84 243 48.00 155 43.38 187 43.50 219 43.68 251 47.08 \
133 43.81 165 45.80 197 49.42 229 50.86 141 42.49 173 41.81 205 46.30 237 44.50 \
149 44.34 181 45.41 213 48.70 245 48.29 157 42.60 189 44.27 221 45.68 253 47.93 \
135 44.45 167 44.17 199 46.24 231 46.45 143 42.64 175 41.24 207 44.02 239 43.90 \
151 41.84 183 43.78 215 45.28 247 47.14 159 42.94 191 41.82 223 44.55 255 51.62 \
128 45.75 160 46.51 192 50.48 224 49.33 136 42.30 168 43.25 200 47.68 232 46.28 \
144 43.39 176 45.83 208 48.10 240 47.69 152 45.22 184 41.66 216 44.29 248 48.35 \
130 44.60 162 46.24 194 46.19 226 48.88 138 42.91 170 42.73 202 44.71 234 45.28 \
146 45.28 178 45.70 210 45.96 242 50.75 154 48.28 186 44.32 218 44.24 250 48.68 \
132 43.74 164 46.78 196 50.04 228 52.26 140 42.81 172 43.83 204 46.74 236 46.50 \
148 44.94 180 45.07 212 47.69 244 48.18 156 44.26 188 46.48 220 44.96 252 50.59 \
134 45.18 166 45.01 198 46.60 230 48.45 142 43.08 174 43.25 206 43.93 238 45.69 \
150 44.32 182 45.66 214 46.25 246 49.76 158 44.68 190 43.77 222 44.80 254 50.70 \
257 42.48 289 42.72 321 48.34 353 61.13 265 42.18 297 40.13 329 47.48 361 45.39 \
273 41.65 305 42.40 337 46.23 369 45.90 281 42.89 313 41.32 345 43.29 377 44.47 \
259 43.46 291 44.44 323 44.85 355 61.06 267 41.83 299 39.91 331 43.42 363 44.25 \
275 42.82 307 41.47 339 44.61 371 45.30 283 42.28 315 41.12 347 42.84 379 44.68 \
261 44.58 293 43.55 325 47.54 357 50.31 269 40.87 301 40.30 333 45.76 365 45.64 \
277 42.82 309 43.30 341 46.61 373 47.20 285 40.68 317 40.49 349 44.63 381 59.88 \
263 45.42 295 41.74 327 45.84 359 47.86 271 40.43 303 38.81 335 43.10 367 42.08 \
279 42.75 311 42.40 343 44.55 375 44.09 287 43.05 319 40.83 351 40.80 383 65.98 \
256 45.64 288 42.87 320 46.16 352 56.13 264 42.54 296 41.61 328 46.77 360 45.58 \
272 42.05 304 45.08 336 47.00 368 45.63 280 41.88 312 40.55 344 45.08 376 44.54 \
258 44.68 290 44.29 322 45.24 354 57.39 266 38.39 298 45.23 330 43.25 362 45.77 \
274 41.99 306 43.71 338 44.05 370 45.84 282 43.38 314 42.23 346 44.05 378 45.26 \
260 45.08 292 44.36 324 47.74 356 57.39 268 40.56 300 42.34 332 46.01 364 44.84 \
276 42.60 308 43.81 340 46.19 372 45.56 284 41.90 316 43.18 348 45.33 380 53.48 \
262 45.51 294 42.95 326 44.43 358 49.21 270 40.96 302 41.16 334 44.40 366 43.21 \
278 42.52 310 45.51 342 43.98 374 47.38 286 41.57 318 40.20 350 45.47 382 58.27 \
385 43.58 417 46.85 449 52.72 481 53.71 393 40.72 425 43.97 457 50.25 489 49.61 \
401 46.63 433 46.43 465 49.19 497 49.77 409 49.40 441 43.92 473 47.19 505 50.65 \
387 43.98 419 45.56 451 46.79 483 69.45 395 44.65 427 42.85 459 46.74 491 46.44 \
403 47.70 435 45.45 467 47.86 499 49.59 411 45.88 443 45.57 475 47.15 507 50.97 \
389 44.23 421 46.26 453 51.27 485 70.96 397 45.69 429 43.10 461 48.58 493 49.59 \
405 47.61 437 46.61 469 51.91 501 50.47 413 45.10 445 45.26 477 50.33 509 54.66 \
391 43.77 423 44.60 455 47.17 487 51.91 399 45.91 431 43.51 463 46.75 495 46.93 \
407 46.90 439 44.66 471 46.78 503 51.48 415 44.30 447 42.65 479 47.98 511 98.93 \
384 48.34 416 46.72 448 51.84 480 54.51 392 42.65 424 44.39 456 50.07 488 50.83 \
400 47.18 432 48.24 464 50.86 496 51.45 408 49.41 440 42.73 472 48.31 504 52.51 \
386 45.27 418 47.34 450 49.05 482 59.92 394 43.23 426 44.91 458 47.88 490 49.49 \
402 48.56 434 47.51 466 49.27 498 52.16 410 48.74 442 45.68 474 46.58 506 53.16 \
388 44.61 420 48.34 452 53.57 484 58.71 396 40.82 428 47.40 460 51.27 492 51.35 \
404 47.99 436 46.15 468 53.59 500 51.81 412 45.75 444 46.37 476 49.03 508 55.66 \
390 44.35 422 46.02 454 49.55 486 59.21 398 44.90 430 45.41 462 48.28 494 48.93 \
406 47.86 438 46.82 470 49.82 502 52.11 414 45.58 446 44.41 478 47.69 510 62.53 
sbs.gems.x2.ped = \
1 1161.01 33 1032.45 65 1080.29 97 1145.33 9 1087.97 41 1061.32 73 1111.27 105 1150.48 \
17 1054.48 49 1072.95 81 1107.96 113 1173.44 25 1086.74 57 1080.76 89 1118.45 121 1187.10 \
3 1117.14 35 1058.87 67 1073.41 99 1167.74 11 1081.54 43 1069.25 75 1083.80 107 1166.40 \
19 1081.72 51 1061.56 83 1132.99 115 1207.16 27 1082.57 59 1081.88 91 1127.66 123 1196.54 \
5 1087.75 37 1079.55 69 1101.92 101 1144.49 13 1069.72 45 1073.73 77 1099.26 109 1177.61 \
21 1067.88 53 1076.71 85 1134.12 117 1196.43 29 1081.43 61 1091.38 93 1133.67 125 1232.51 \
7 1078.26 39 1094.33 71 1101.92 103 1168.00 15 1076.45 47 1070.20 79 1110.58 111 1173.40 \
23 1068.19 55 1067.76 87 1126.30 119 1193.17 31 1080.00 63 1093.91 95 1135.15 127 1197.09 \
0 1094.37 32 1097.63 64 1090.26 96 1148.32 8 1058.98 40 1091.16 72 1106.12 104 1179.94 \
16 1076.77 48 1077.05 80 1115.99 112 1216.82 24 1082.30 56 1085.32 88 1137.46 120 1217.65 \
2 1088.34 34 1094.54 66 1110.54 98 1145.10 10 1072.04 42 1078.99 74 1093.48 106 1184.91 \
18 1061.79 50 1094.66 82 1126.10 114 1195.62 26 1074.47 58 1093.62 90 1131.74 122 1226.43 \
4 1078.84 36 1081.52 68 1106.42 100 1161.43 12 1066.98 44 1076.00 76 1101.74 108 1188.44 \
20 1074.19 52 1087.81 84 1123.47 116 1188.44 28 1063.31 60 1102.19 92 1148.95 124 1249.85 \
6 1091.67 38 1073.62 70 1103.47 102 1176.46 14 1082.57 46 1093.09 78 1098.07 110 1195.52 \
22 1074.87 54 1083.81 86 1142.28 118 1188.99 30 1075.01 62 1075.19 94 1156.30 126 1275.25 \
129 920.55 161 749.50 193 819.40 225 857.65 137 803.71 169 779.70 201 834.58 233 864.16 \
145 812.11 177 820.54 209 851.45 241 880.55 153 780.53 185 803.72 217 862.64 249 900.21 \
131 827.81 163 768.82 195 837.08 227 889.51 139 802.24 171 793.16 203 838.24 235 881.43 \
147 778.72 179 816.49 211 856.89 243 907.68 155 807.79 187 807.17 219 853.64 251 927.94 \
133 829.52 165 758.34 197 865.10 229 889.22 141 807.97 173 808.75 205 853.21 237 891.98 \
149 792.24 181 802.78 213 863.92 245 903.12 157 768.18 189 819.03 221 855.33 253 925.25 \
135 808.02 167 773.56 199 853.44 231 903.00 143 797.37 175 780.25 207 851.36 239 898.58 \
151 792.05 183 826.24 215 871.89 247 886.33 159 792.98 191 851.97 223 878.37 255 873.26 \
128 805.65 160 775.88 192 837.80 224 900.44 136 811.24 168 810.39 200 858.17 232 872.60 \
144 800.11 176 806.26 208 848.55 240 889.78 152 807.96 184 838.16 216 863.65 248 948.29 \
130 806.79 162 770.98 194 830.06 226 857.95 138 791.30 170 802.15 202 847.90 234 888.19 \
146 799.76 178 814.79 210 871.50 242 904.99 154 791.37 186 828.55 218 864.40 250 953.78 \
132 825.48 164 780.94 196 858.59 228 884.25 140 786.83 172 800.48 204 858.14 236 898.12 \
148 801.56 180 830.91 212 856.84 244 898.13 156 802.46 188 829.36 220 881.72 252 968.42 \
134 802.84 166 802.09 198 851.33 230 891.05 142 794.39 174 823.82 206 851.96 238 884.87 \
150 780.16 182 817.20 214 882.44 246 915.47 158 782.74 190 824.15 222 866.24 254 998.88 
sbs.gems.x2.rms = \
1 72.80 33 64.80 65 72.49 97 72.19 9 63.07 41 61.21 73 70.31 105 70.84 \
17 65.88 49 66.64 81 68.28 113 70.38 25 65.73 57 62.92 89 65.87 121 66.15 \
3 71.19 35 64.95 67 66.24 99 70.54 11 63.06 43 63.43 75 66.19 107 67.23 \
19 64.93 51 65.83 83 66.72 115 69.02 27 70.24 59 62.16 91 63.55 123 67.66 \
5 69.13 37 63.24 69 72.37 101 73.67 13 63.03 45 70.09 77 68.57 109 68.66 \
21 66.00 53 65.35 85 69.12 117 71.16 29 61.78 61 62.55 93 68.66 125 73.34 \
7 66.20 39 62.13 71 67.20 103 79.17 15 63.26 47 69.01 79 65.84 111 67.38 \
23 63.81 55 62.97 87 66.14 119 68.45 31 56.20 63 60.93 95 65.16 127 78.70 \
0 96.46 32 65.01 64 70.68 96 69.83 8 62.68 40 61.76 72 66.21 104 69.27 \
16 64.14 48 66.89 80 67.46 112 69.53 24 63.45 56 56.18 88 64.23 120 67.57 \
2 71.24 34 63.29 66 66.65 98 66.72 10 61.90 42 62.80 74 62.49 106 66.87 \
18 62.93 50 64.94 82 57.97 114 68.08 26 71.23 58 60.73 90 60.81 122 68.28 \
4 68.06 36 64.59 68 71.08 100 71.15 12 61.95 44 71.51 76 66.69 108 67.06 \
20 62.71 52 59.60 84 65.90 116 70.08 28 65.01 60 62.45 92 65.31 124 70.05 \
6 66.99 38 62.44 70 66.49 102 75.92 14 61.33 46 105.42 78 56.79 110 67.77 \
22 64.92 54 64.34 86 63.68 118 69.63 30 62.13 62 59.14 94 65.85 126 73.52 \
129 61.33 161 61.92 193 68.67 225 72.46 137 56.34 169 57.11 201 68.23 233 76.70 \
145 59.67 177 60.18 209 67.64 241 79.80 153 67.99 185 59.76 217 65.63 249 102.98 \
131 63.31 163 58.26 195 64.62 227 76.90 139 59.17 171 56.22 203 64.47 235 72.53 \
147 60.56 179 59.76 211 63.64 243 82.68 155 62.71 187 59.90 219 64.21 251 123.64 \
133 61.71 165 57.92 197 70.19 229 98.89 141 58.64 173 56.72 205 66.74 237 76.57 \
149 61.78 181 60.95 213 67.06 245 91.26 157 57.17 189 58.84 221 67.26 253 151.13 \
135 63.92 167 56.09 199 63.48 231 78.49 143 58.86 175 54.74 207 63.57 239 77.64 \
151 63.01 183 60.96 215 65.43 247 88.71 159 60.82 191 60.19 223 65.98 255 190.54 \
128 76.99 160 57.44 192 66.76 224 73.63 136 56.28 168 56.79 200 64.78 232 72.66 \
144 59.76 176 60.29 208 65.53 240 81.54 152 59.77 184 54.62 216 64.48 248 99.36 \
130 63.09 162 59.89 194 62.55 226 71.54 138 56.39 170 55.82 202 58.48 234 72.62 \
146 61.12 178 60.84 210 61.60 242 84.32 154 66.47 186 58.23 218 60.00 250 120.01 \
132 62.52 164 58.88 196 66.41 228 84.78 140 58.10 172 56.63 204 65.53 236 74.78 \
148 60.06 180 59.34 212 65.04 244 89.87 156 61.15 188 60.30 220 64.38 252 133.49 \
134 63.66 166 58.23 198 65.48 230 84.31 142 57.28 174 55.96 206 60.15 238 75.11 \
150 61.07 182 60.41 214 64.12 246 107.79 158 59.87 190 57.71 222 64.37 254 296.12 
sbs.gems.y2.ped = \
1 906.58 33 745.11 65 784.69 97 874.58 9 806.91 41 808.15 73 824.95 105 886.18 \
17 816.39 49 840.93 81 857.44 113 889.52 25 808.48 57 833.39 89 852.49 121 887.29 \
3 809.83 35 806.98 67 823.28 99 908.83 11 805.45 43 814.94 75 824.67 107 895.66 \
19 819.80 51 818.11 83 850.29 115 894.42 27 814.77 59 807.55 91 846.96 123 901.78 \
5 811.10 37 838.55 69 821.08 101 893.30 13 794.78 45 819.06 77 843.90 109 887.97 \
21 818.02 53 818.45 85 872.96 117 901.43 29 818.44 61 808.59 93 871.41 125 907.29 \
7 806.96 39 807.64 71 793.85 103 901.16 15 812.21 47 823.06 79 838.09 111 886.04 \
23 807.73 55 858.64 87 842.83 119 891.66 31 822.66 63 808.58 95 875.52 127 918.53 \
0 751.08 32 817.33 64 820.22 96 865.57 8 819.11 40 816.74 72 838.02 104 891.29 \
16 801.09 48 820.49 80 867.01 112 881.61 24 808.33 56 810.54 88 867.32 120 932.35 \
2 789.12 34 813.43 66 816.06 98 895.88 10 803.72 42 821.61 74 846.12 106 891.32 \
18 831.99 50 818.79 82 837.00 114 909.83 26 812.49 58 826.40 90 862.34 122 924.53 \
4 813.21 36 810.95 68 813.22 100 877.07 12 811.48 44 832.74 76 833.66 108 869.68 \
20 814.90 52 813.36 84 846.51 116 899.60 28 815.96 60 836.54 92 888.62 124 933.16 \
6 815.12 38 809.75 70 817.86 102 875.35 14 806.66 46 806.96 78 832.12 110 878.06 \
22 814.81 54 818.41 86 858.40 118 893.39 30 809.02 62 814.42 94 877.11 126 992.43 \
129 848.97 161 684.03 193 769.48 225 807.75 137 741.51 169 736.65 201 796.68 233 828.06 \
145 739.40 177 757.75 209 821.27 241 829.61 153 760.68 185 754.16 217 808.10 249 849.91 \
131 758.52 163 722.54 195 785.50 227 794.63 139 753.37 171 743.09 203 801.95 235 840.78 \
147 728.84 179 749.59 211 808.73 243 843.66 155 748.67 187 742.92 219 812.23 251 869.75 \
133 767.32 165 771.65 197 806.41 229 827.61 141 727.22 173 743.45 205 813.72 237 834.66 \
149 752.94 181 767.84 213 804.81 245 825.34 157 752.06 189 755.23 221 817.83 253 870.02 \
135 756.66 167 748.05 199 776.31 231 822.83 143 769.25 175 739.13 207 792.61 239 849.01 \
151 741.72 183 746.98 215 816.03 247 845.05 159 736.83 191 743.05 223 807.19 255 870.12 \
128 743.44 160 763.44 192 786.23 224 820.58 136 745.40 168 751.70 200 789.09 232 824.51 \
144 753.67 176 753.51 208 802.68 240 852.64 152 754.89 184 766.59 216 829.71 248 877.88 \
130 758.37 162 732.37 194 779.89 226 842.45 138 757.98 170 746.11 202 803.18 234 843.74 \
146 731.04 178 733.64 210 826.56 242 851.02 154 752.65 186 752.97 218 816.50 250 905.64 \
132 769.44 164 756.95 196 786.43 228 805.93 140 736.40 172 746.88 204 812.80 236 836.83 \
148 765.52 180 755.84 212 819.53 244 864.71 156 732.85 188 781.90 220 836.83 252 890.22 \
134 752.05 166 749.43 198 787.50 230 795.97 142 747.22 174 729.05 206 823.66 238 859.08 \
150 720.65 182 751.56 214 818.38 246 851.64 158 759.28 190 765.78 222 829.04 254 943.88 \
257 1075.40 289 950.82 321 1017.05 353 1094.97 265 1014.29 297 1029.81 329 1044.25 361 1074.67 \
273 1020.96 305 1009.64 337 1038.88 369 1073.89 281 993.77 313 996.95 345 1107.76 377 1092.86 \
259 1020.91 291 987.87 323 1022.94 355 1071.25 267 1016.26 299 1016.62 331 1062.56 363 1100.01 \
275 1003.29 307 1024.33 339 1061.79 371 1114.43 283 974.32 315 1001.54 347 1058.29 379 1106.58 \
261 1030.77 293 998.60 325 1019.08 357 1069.03 269 1022.03 301 1003.10 333 1057.27 365 1093.59 \
277 1014.53 309 1046.21 341 1065.99 373 1094.41 285 995.76 317 1023.15 349 1101.63 381 1133.20 \
263 1039.91 295 1001.21 327 1034.57 359 1073.73 271 1030.90 303 1012.69 335 1055.88 367 1116.39 \
279 1001.41 311 1035.34 343 1087.14 375 1089.36 287 987.55 319 1006.06 351 1073.27 383 1133.65 \
256 1031.77 288 1021.92 320 1056.45 352 1091.59 264 1024.24 296 1038.58 328 1047.95 360 1093.17 \
272 1015.24 304 1020.49 336 1041.29 368 1136.03 280 996.75 312 1001.31 344 1046.39 376 1147.20 \
258 977.29 290 1005.94 322 1051.10 354 1090.29 266 994.61 298 1022.21 330 1078.83 362 1109.99 \
274 1001.59 306 1008.27 338 1073.86 370 1122.11 282 1000.47 314 1016.19 346 1081.54 378 1127.78 \
260 1004.93 292 1021.94 324 1046.68 356 1099.90 268 1013.36 300 1002.49 332 1058.32 364 1092.14 \
276 1001.02 308 1015.13 340 1070.58 372 1113.38 284 987.74 316 1048.14 348 1086.88 380 1166.93 \
262 1017.23 294 1019.46 326 1082.40 358 1085.79 270 999.07 302 1029.74 334 1055.66 366 1085.28 \
278 1022.79 310 1021.76 342 1066.65 374 1092.85 286 1003.34 318 1038.14 350 1065.98 382 1187.64 \
385 934.37 417 771.77 449 862.60 481 941.85 393 882.50 425 847.98 457 879.36 489 936.10 \
401 864.84 433 864.11 465 893.04 497 938.09 409 863.43 441 865.08 473 908.90 505 961.82 \
387 864.65 419 850.70 451 853.27 483 936.34 395 883.79 427 858.76 459 874.59 491 937.36 \
403 851.61 435 844.49 467 884.95 499 933.99 411 859.27 443 855.79 475 915.32 507 954.73 \
389 881.62 421 862.97 453 855.89 485 936.32 397 862.54 429 870.96 461 897.60 493 940.76 \
405 859.24 437 839.59 469 889.85 501 920.30 413 869.20 445 847.10 477 907.11 509 983.01 \
391 883.83 423 860.30 455 855.90 487 930.64 399 883.79 431 841.79 463 855.41 495 956.96 \
407 870.25 439 852.43 471 900.25 503 937.34 415 851.88 447 852.44 479 910.41 511 980.06 \
384 864.21 416 838.27 448 845.30 480 947.34 392 856.37 424 866.18 456 874.99 488 946.09 \
400 857.05 432 845.85 464 899.49 496 964.12 408 861.37 440 861.13 472 926.00 504 977.25 \
386 875.38 418 855.89 450 868.09 482 945.15 394 884.44 426 883.35 458 893.46 490 933.62 \
402 848.22 434 840.97 466 912.04 498 947.73 410 846.67 442 838.89 474 911.11 506 995.93 \
388 885.99 420 844.75 452 864.98 484 926.83 396 873.44 428 850.26 460 884.67 492 938.03 \
404 863.72 436 842.20 468 921.92 500 942.92 412 861.82 444 867.09 476 933.75 508 998.01 \
390 894.70 422 841.97 454 860.21 486 925.48 398 854.65 430 840.36 462 892.26 494 964.49 \
406 850.19 438 846.59 470 912.75 502 958.53 414 863.84 446 854.81 478 941.43 510 1042.55 
sbs.gems.y2.rms = \
1 31.09 33 52.47 65 57.45 97 53.21 9 66.53 41 52.82 73 53.63 105 51.79 \
17 55.97 49 51.92 81 54.77 113 51.87 25 59.98 57 50.50 89 52.25 121 47.63 \
3 97.93 35 56.53 67 51.24 99 54.37 11 62.64 43 50.78 75 50.09 107 51.28 \
19 56.60 51 50.40 83 52.98 115 49.39 27 54.88 59 49.05 91 50.83 123 48.32 \
5 92.13 37 56.47 69 53.50 101 57.79 13 59.33 45 51.08 77 51.78 109 52.16 \
21 56.66 53 54.00 85 54.71 117 51.08 29 51.83 61 48.34 93 51.61 125 49.88 \
7 72.03 39 53.27 71 50.89 103 54.87 15 58.10 47 49.68 79 51.50 111 51.58 \
23 56.16 55 51.01 87 52.22 119 49.12 31 52.09 63 48.02 95 48.55 127 77.39 \
0 165.48 32 67.68 64 49.76 96 51.83 8 70.01 40 53.60 72 53.74 104 52.36 \
16 58.52 48 53.88 80 58.29 112 54.49 24 56.52 56 48.89 88 52.74 120 49.37 \
2 140.85 34 60.43 66 50.95 98 52.67 10 65.90 42 52.48 74 23.28 106 50.14 \
18 58.91 50 53.94 82 51.48 114 50.58 26 61.43 58 51.07 90 51.17 122 50.34 \
4 90.56 36 56.90 68 53.79 100 58.37 12 62.02 44 53.56 76 52.98 108 53.16 \
20 58.16 52 55.40 84 55.18 116 49.37 28 55.00 60 51.41 92 51.57 124 51.36 \
6 81.27 38 54.44 70 53.04 102 55.36 14 58.96 46 51.21 78 24.10 110 49.66 \
22 58.27 54 53.17 86 52.49 118 50.49 30 53.07 62 49.35 94 49.88 126 55.71 \
129 46.55 161 46.01 193 48.70 225 47.59 137 41.48 169 44.47 201 47.48 233 47.36 \
145 44.14 177 45.14 209 47.64 241 47.95 153 47.16 185 43.51 217 45.03 249 46.41 \
131 44.19 163 43.42 195 45.89 227 49.13 139 42.00 171 42.41 203 46.22 235 44.83 \
147 44.41 179 44.42 211 46.78 243 48.61 155 43.46 187 42.29 219 44.18 251 46.44 \
133 44.25 165 45.09 197 48.29 229 64.64 141 42.25 173 42.79 205 47.45 237 45.26 \
149 45.63 181 45.92 213 49.38 245 47.95 157 41.97 189 42.53 221 45.21 253 47.69 \
135 43.22 167 43.52 199 46.10 231 61.06 143 42.50 175 40.97 207 45.62 239 45.82 \
151 44.30 183 43.92 215 46.11 247 47.98 159 42.02 191 41.54 223 44.38 255 52.46 \
128 58.56 160 46.16 192 49.03 224 47.94 136 42.36 168 43.76 200 46.54 232 48.93 \
144 44.25 176 45.09 208 48.37 240 49.11 152 44.80 184 42.18 216 46.21 248 48.47 \
130 43.29 162 44.28 194 46.79 226 50.22 138 42.48 170 43.79 202 44.55 234 46.41 \
146 44.55 178 46.02 210 47.21 242 48.67 154 47.49 186 43.29 218 44.24 250 48.25 \
132 44.14 164 46.27 196 49.54 228 57.64 140 41.88 172 43.46 204 46.86 236 46.54 \
148 45.30 180 45.45 212 49.01 244 48.64 156 43.81 188 44.55 220 45.83 252 47.97 \
134 44.35 166 44.84 198 46.98 230 52.54 142 37.81 174 44.53 206 47.07 238 46.05 \
150 45.39 182 46.09 214 46.62 246 48.52 158 42.76 190 42.49 222 44.81 254 51.05 \
257 47.55 289 44.93 321 49.93 353 46.96 265 39.83 297 43.21 329 45.13 361 43.49 \
273 43.95 305 44.91 337 43.88 369 45.06 281 45.77 313 43.81 345 44.85 377 43.55 \
259 44.03 291 44.03 323 45.46 355 48.44 267 41.42 299 41.57 331 43.72 363 43.55 \
275 44.25 307 44.49 339 45.18 371 44.73 283 43.55 315 42.77 347 43.15 379 43.07 \
261 44.99 293 44.57 325 48.33 357 50.37 269 41.61 301 42.14 333 45.04 365 43.92 \
277 45.27 309 46.23 341 47.49 373 46.12 285 42.40 317 43.21 349 45.04 381 44.48 \
263 44.15 295 44.03 327 45.26 359 46.92 271 39.25 303 41.82 335 43.90 367 43.81 \
279 44.73 311 43.35 343 46.26 375 44.32 287 42.00 319 42.51 351 43.15 383 46.81 \
256 45.60 288 45.06 320 49.80 352 46.50 264 41.75 296 44.40 328 46.00 360 45.19 \
272 44.40 304 44.97 336 47.61 368 45.31 280 43.84 312 40.62 344 45.04 376 45.73 \
258 44.51 290 45.07 322 46.78 354 45.05 266 41.48 298 43.59 330 44.33 362 44.01 \
274 44.90 306 45.08 338 46.13 370 45.44 282 45.08 314 43.52 346 42.99 378 45.94 \
260 45.52 292 46.27 324 49.52 356 51.66 268 43.60 300 43.93 332 46.72 364 44.59 \
276 43.91 308 44.23 340 47.99 372 45.99 284 43.32 316 45.67 348 45.53 380 45.06 \
262 45.28 294 45.05 326 47.59 358 47.96 270 42.85 302 43.02 334 44.90 366 43.58 \
278 44.33 310 44.70 342 46.55 374 45.82 286 42.74 318 42.02 350 43.37 382 46.20 \
385 41.88 417 41.91 449 46.83 481 46.63 393 36.97 425 39.69 457 44.70 489 40.92 \
401 43.47 433 42.02 465 44.36 497 45.40 409 45.19 441 40.47 473 41.37 505 45.49 \
387 39.21 419 41.53 451 41.61 483 45.56 395 39.88 427 38.60 459 41.93 491 41.35 \
403 43.04 435 40.87 467 42.66 499 44.34 411 41.24 443 40.21 475 39.98 507 47.35 \
389 40.13 421 42.59 453 45.38 485 48.95 397 41.80 429 39.45 461 43.69 493 42.99 \
405 42.86 437 42.36 469 44.57 501 46.02 413 39.29 445 40.43 477 43.76 509 51.04 \
391 39.41 423 40.38 455 42.54 487 45.17 399 42.39 431 38.38 463 40.20 495 42.01 \
407 43.51 439 39.99 471 41.68 503 46.59 415 39.92 447 39.81 479 41.93 511 94.30 \
384 42.06 416 42.10 448 46.45 480 45.22 392 37.67 424 41.27 456 43.84 488 44.43 \
400 43.35 432 43.88 464 44.05 496 45.23 408 38.04 440 8640.94 472 41.73 504 48.40 \
386 41.21 418 42.55 450 43.33 482 44.70 394 39.47 426 40.31 458 41.42 490 42.89 \
402 43.78 434 42.93 466 43.50 498 45.66 410 43.37 442 40.57 474 40.15 506 49.25 \
388 40.83 420 43.93 452 46.12 484 49.24 396 41.47 428 41.30 460 43.52 492 42.64 \
404 42.52 436 42.38 468 44.62 500 47.61 412 40.93 444 41.64 476 42.16 508 52.16 \
390 40.97 422 41.56 454 43.30 486 47.27 398 41.95 430 40.22 462 41.87 494 42.56 \
406 42.98 438 42.59 470 43.31 502 46.88 414 40.20 446 40.34 478 41.60 510 59.79 
sbs.gems.x3.ped = \
1 810.27 33 669.25 65 757.40 97 823.97 9 713.65 41 742.49 73 757.91 105 837.57 \
17 711.66 49 724.79 81 779.01 113 860.77 25 716.08 57 727.45 89 808.73 121 843.01 \
3 736.49 35 722.49 67 777.59 99 830.31 11 715.97 43 736.33 75 763.35 107 840.06 \
19 721.11 51 731.35 83 785.82 115 880.08 27 708.45 59 744.61 91 816.95 123 851.60 \
5 734.31 37 719.84 69 777.48 101 836.26 13 713.80 45 746.46 77 782.58 109 860.28 \
21 725.89 53 751.08 85 786.53 117 862.56 29 716.58 61 743.67 93 824.60 125 871.66 \
7 740.75 39 707.13 71 776.12 103 828.51 15 702.63 47 729.05 79 780.14 111 857.14 \
23 734.24 55 741.36 87 803.69 119 869.97 31 740.29 63 735.25 95 796.95 127 886.12 \
0 714.42 32 728.37 64 769.84 96 848.34 8 706.00 40 728.64 72 779.73 104 838.13 \
16 721.87 48 738.27 80 798.13 112 866.15 24 748.16 56 748.35 88 805.19 120 904.55 \
2 698.12 34 721.60 66 741.57 98 852.03 10 722.78 42 737.05 74 771.29 106 869.87 \
18 764.80 50 735.23 82 817.84 114 877.61 26 723.82 58 748.60 90 830.33 122 907.24 \
4 730.72 36 739.24 68 777.81 100 846.13 12 717.06 44 728.02 76 778.00 108 859.87 \
20 710.42 52 750.79 84 836.36 116 874.98 28 737.85 60 762.54 92 825.91 124 902.40 \
6 719.63 38 728.88 70 782.64 102 841.10 14 725.04 46 743.68 78 795.82 110 852.24 \
22 720.18 54 751.94 86 816.60 118 862.19 30 735.57 62 742.20 94 832.15 126 927.45 \
129 1037.44 161 938.61 193 1002.17 225 1076.82 137 964.06 169 974.43 201 1018.80 233 1084.62 \
145 945.96 177 992.21 209 1014.34 241 1086.41 153 953.04 185 999.31 217 1043.01 249 1084.35 \
131 989.60 163 1012.13 195 1028.95 227 1040.04 139 953.19 171 977.74 203 1033.82 235 1087.67 \
147 990.79 179 984.60 211 1051.72 243 1093.72 155 979.21 187 990.33 219 1058.81 251 1095.98 \
133 977.15 165 991.12 197 1029.22 229 1083.76 141 967.66 173 978.29 205 1027.52 237 1078.45 \
149 980.31 181 1015.41 213 1035.13 245 1103.60 157 959.69 189 996.59 221 1038.34 253 1102.61 \
135 977.81 167 981.27 199 1030.42 231 1083.64 143 965.63 175 985.30 207 1020.70 239 1067.24 \
151 993.88 183 966.88 215 1039.44 247 1096.06 159 979.24 191 983.11 223 1065.95 255 1117.21 \
128 972.70 160 962.43 192 998.20 224 1056.27 136 985.77 168 984.29 200 1045.73 232 1088.64 \
144 982.31 176 988.31 208 1044.91 240 1097.74 152 973.56 184 989.76 216 1064.45 248 1119.70 \
130 969.63 162 979.27 194 1013.13 226 1087.33 138 972.45 170 994.11 202 1051.41 234 1064.29 \
146 989.71 178 985.15 210 1040.03 242 1095.73 154 973.81 186 1020.96 218 1058.44 250 1130.73 \
132 952.62 164 967.18 196 1058.99 228 1082.25 140 972.57 172 976.12 204 1041.95 236 1071.25 \
148 991.18 180 996.70 212 1049.63 244 1084.59 156 967.65 188 1002.01 220 1054.14 252 1137.54 \
134 976.28 166 964.02 198 1030.35 230 1082.07 142 978.44 174 990.58 206 1031.04 238 1115.24 \
150 992.22 182 964.70 214 1050.26 246 1097.41 158 991.58 190 1011.10 222 1072.32 254 1196.52 
sbs.gems.x3.rms = \
1 67.39 33 60.24 65 66.68 97 66.69 9 59.14 41 57.57 73 73.70 105 66.25 \
17 58.77 49 58.61 81 64.71 113 66.68 25 59.83 57 58.36 89 64.44 121 63.62 \
3 64.01 35 58.87 67 64.94 99 66.34 11 58.74 43 56.61 75 74.95 107 58.82 \
19 62.86 51 58.92 83 63.34 115 66.99 27 64.41 59 57.28 91 61.34 123 64.13 \
5 64.42 37 58.00 69 67.51 101 69.59 13 58.52 45 57.30 77 69.63 109 64.83 \
21 59.57 53 59.35 85 65.93 117 65.58 29 56.49 61 57.38 93 63.45 125 67.10 \
7 63.65 39 56.96 71 63.46 103 74.25 15 59.26 47 54.85 79 64.12 111 63.65 \
23 59.76 55 59.67 87 62.93 119 66.53 31 58.28 63 56.68 95 60.48 127 76.69 \
0 88.24 32 61.17 64 65.33 96 66.24 8 56.99 40 56.41 72 64.41 104 65.00 \
16 58.70 48 58.70 80 61.99 112 64.23 24 58.40 56 52.78 88 61.04 120 66.26 \
2 66.79 34 59.89 66 61.04 98 63.94 10 58.30 42 55.60 74 66.49 106 63.67 \
18 57.81 50 58.79 82 61.23 114 65.64 26 63.65 58 58.43 90 33.35 122 67.21 \
4 63.84 36 58.46 68 67.34 100 65.94 12 57.39 44 56.96 76 67.87 108 61.97 \
20 57.19 52 57.52 84 64.38 116 65.96 28 59.15 60 58.15 92 61.13 124 67.23 \
6 62.09 38 57.50 70 63.43 102 70.19 14 57.33 46 55.86 78 60.98 110 62.37 \
22 58.47 54 57.09 86 61.01 118 66.19 30 57.48 62 55.87 94 61.32 126 70.40 \
129 60.03 161 61.62 193 66.71 225 70.41 137 57.72 169 56.91 201 65.21 233 70.10 \
145 59.37 177 59.76 209 66.52 241 72.93 153 68.37 185 57.62 217 64.30 249 97.26 \
131 60.50 163 58.84 195 61.47 227 73.92 139 58.92 171 55.64 203 60.54 235 67.33 \
147 61.89 179 58.95 211 60.29 243 77.59 155 61.78 187 56.95 219 60.40 251 125.31 \
133 61.98 165 58.38 197 65.95 229 87.68 141 58.08 173 56.00 205 65.24 237 71.44 \
149 62.04 181 61.11 213 66.72 245 91.33 157 57.33 189 56.04 221 67.00 253 163.40 \
135 63.29 167 56.19 199 62.56 231 75.61 143 59.05 175 55.64 207 60.94 239 70.56 \
151 62.77 183 58.64 215 63.28 247 87.53 159 58.67 191 58.37 223 63.67 255 218.37 \
128 70.55 160 55.37 192 64.88 224 70.65 136 56.34 168 54.42 200 62.44 232 69.72 \
144 59.71 176 58.92 208 64.55 240 83.36 152 59.54 184 51.30 216 62.92 248 94.65 \
130 58.40 162 55.44 194 59.96 226 70.37 138 56.82 170 55.84 202 57.57 234 69.35 \
146 59.28 178 60.08 210 59.30 242 85.32 154 66.89 186 55.88 218 57.74 250 108.31 \
132 58.31 164 56.60 196 64.47 228 86.05 140 57.78 172 55.75 204 63.58 236 71.80 \
148 59.87 180 56.69 212 64.70 244 88.92 156 59.80 188 55.93 220 62.85 252 127.47 \
134 58.99 166 54.32 198 60.08 230 77.89 142 56.62 174 55.96 206 58.75 238 70.99 \
150 60.73 182 58.78 214 62.80 246 95.29 158 58.94 190 55.94 222 63.03 254 258.80 
sbs.gems.y3.ped = \
1 854.01 33 714.55 65 797.15 97 842.30 9 772.19 41 787.06 73 780.12 105 850.75 \
17 782.96 49 787.95 81 804.24 113 872.84 25 788.27 57 788.30 89 807.10 121 881.86 \
3 799.83 35 790.59 67 795.39 99 841.81 11 777.60 43 782.02 75 776.72 107 854.97 \
19 782.62 51 795.30 83 793.74 115 884.06 27 792.23 59 797.44 91 825.24 123 894.41 \
5 782.82 37 793.24 69 785.48 101 868.13 13 796.09 45 779.26 77 782.71 109 868.87 \
21 805.85 53 803.71 85 805.88 117 857.88 29 784.29 61 800.20 93 823.91 125 911.39 \
7 814.33 39 795.48 71 797.51 103 838.69 15 796.72 47 794.12 79 809.25 111 861.47 \
23 796.51 55 785.44 87 819.52 119 882.22 31 785.23 63 784.70 95 820.89 127 898.01 \
0 784.34 32 778.28 64 814.74 96 877.64 8 778.23 40 800.51 72 786.79 104 875.95 \
16 796.59 48 805.08 80 798.91 112 865.79 24 780.92 56 794.78 88 825.87 120 904.96 \
2 774.09 34 791.82 66 785.85 98 862.07 10 792.72 42 797.57 74 787.71 106 882.42 \
18 802.82 50 773.37 82 812.81 114 882.03 26 796.31 58 786.23 90 854.58 122 916.01 \
4 786.16 36 779.85 68 810.75 100 851.83 12 791.11 44 794.50 76 798.47 108 891.92 \
20 784.49 52 803.13 84 796.56 116 879.79 28 790.19 60 793.84 92 842.45 124 936.45 \
6 789.56 38 802.08 70 780.97 102 847.32 14 777.82 46 788.56 78 790.20 110 892.90 \
22 799.13 54 799.13 86 810.39 118 889.20 30 783.31 62 779.36 94 844.22 126 965.29 \
129 950.88 161 769.77 193 858.95 225 919.13 137 847.08 169 820.22 201 861.18 233 943.15 \
145 852.85 177 834.66 209 866.54 241 930.68 153 852.76 185 843.42 217 886.81 249 961.39 \
131 918.47 163 827.35 195 862.40 227 916.70 139 880.09 171 816.31 203 851.31 235 951.14 \
147 870.55 179 823.28 211 841.75 243 947.23 155 848.29 187 840.45 219 878.07 251 947.74 \
133 903.78 165 837.48 197 878.32 229 907.56 141 853.76 173 844.22 205 870.88 237 952.52 \
149 843.83 181 847.12 213 863.97 245 938.26 157 847.59 189 820.65 221 869.70 253 964.17 \
135 890.47 167 825.35 199 847.10 231 913.00 143 865.06 175 838.83 207 865.61 239 922.67 \
151 848.07 183 842.72 215 856.40 247 940.85 159 838.25 191 840.10 223 897.62 255 975.02 \
128 891.89 160 825.90 192 861.74 224 932.74 136 863.36 168 839.70 200 850.00 232 929.05 \
144 840.90 176 833.82 208 900.55 240 945.79 152 846.23 184 849.20 216 878.55 248 960.89 \
130 870.63 162 816.16 194 869.57 226 942.71 138 841.79 170 805.37 202 852.64 234 944.91 \
146 845.09 178 843.28 210 866.01 242 947.59 154 841.99 186 848.73 218 899.94 250 973.63 \
132 878.41 164 825.80 196 878.20 228 919.35 140 841.37 172 827.43 204 859.85 236 950.34 \
148 833.96 180 845.28 212 873.93 244 955.18 156 838.47 188 838.15 220 893.32 252 972.20 \
134 867.10 166 833.83 198 862.60 230 929.31 142 858.85 174 818.49 206 857.69 238 941.23 \
150 834.96 182 855.14 214 867.15 246 947.88 158 844.04 190 850.23 222 896.97 254 1001.68 \
257 868.24 289 745.06 321 801.19 353 855.69 265 761.67 297 783.43 329 826.70 361 871.20 \
273 761.71 305 797.83 337 827.51 369 869.14 281 796.33 313 818.32 345 817.00 377 903.15 \
259 788.06 291 797.34 323 828.65 355 865.30 267 783.38 299 792.12 331 814.65 363 868.18 \
275 810.85 307 794.67 339 816.51 371 869.75 283 797.21 315 801.85 347 836.26 379 895.91 \
261 799.53 293 817.36 325 831.08 357 872.25 269 786.14 301 813.99 333 835.45 365 849.50 \
277 778.04 309 830.42 341 826.80 373 862.27 285 799.10 317 825.01 349 829.12 381 900.33 \
263 777.93 295 806.82 327 828.43 359 872.28 271 790.71 303 800.97 335 831.27 367 855.51 \
279 794.98 311 791.75 343 836.79 375 894.83 287 800.04 319 793.72 351 835.37 383 933.70 \
256 793.57 288 803.88 320 836.89 352 878.87 264 783.90 296 816.53 328 838.99 360 882.14 \
272 776.84 304 794.34 336 836.04 368 879.52 280 798.89 312 831.98 344 862.19 376 900.64 \
258 779.35 290 798.95 322 840.35 354 861.61 266 788.65 298 805.97 330 835.19 362 890.92 \
274 778.87 306 828.83 338 831.06 370 890.89 282 786.99 314 800.95 346 848.51 378 924.35 \
260 774.57 292 824.68 324 817.97 356 854.19 268 777.46 300 799.97 332 823.50 364 865.75 \
276 790.30 308 808.10 340 844.18 372 889.02 284 817.11 316 801.54 348 855.20 380 933.48 \
262 792.79 294 781.27 326 826.59 358 862.98 270 780.79 302 826.05 334 821.84 366 874.42 \
278 794.95 310 815.14 342 830.57 374 892.42 286 801.60 318 813.31 350 869.68 382 962.75 \
385 850.83 417 724.39 449 794.39 481 841.65 393 766.74 425 802.17 457 810.63 489 853.13 \
401 789.07 433 784.90 465 832.61 497 854.76 409 759.69 441 814.52 473 854.33 505 864.67 \
387 788.03 419 763.96 451 798.45 483 870.13 395 773.94 427 803.46 459 806.93 491 858.72 \
403 774.86 435 817.35 467 847.18 499 872.48 411 778.34 443 806.37 475 840.18 507 869.68 \
389 778.62 421 783.56 453 801.27 485 861.29 397 787.12 429 812.31 461 812.93 493 858.87 \
405 775.72 437 788.99 469 842.52 501 868.14 413 776.36 445 799.73 477 843.21 509 873.70 \
391 779.59 423 800.32 455 817.05 487 876.91 399 771.38 431 769.47 463 826.02 495 874.09 \
407 785.01 439 808.49 471 820.08 503 855.99 415 781.86 447 802.71 479 868.41 511 900.28 \
384 774.17 416 783.95 448 826.62 480 865.27 392 793.55 424 816.63 456 815.07 488 866.76 \
400 794.18 432 789.53 464 830.90 496 854.28 408 780.59 440 817.33 472 873.00 504 900.34 \
386 765.59 418 781.46 450 786.88 482 863.98 394 797.90 426 815.91 458 837.72 490 864.78 \
402 775.99 434 807.72 466 829.84 498 838.18 410 797.34 442 794.58 474 862.48 506 913.32 \
388 759.16 420 803.37 452 804.20 484 858.07 396 786.88 428 795.37 460 832.47 492 865.08 \
404 789.14 436 825.05 468 867.28 500 885.74 412 776.50 444 817.64 476 869.52 508 935.28 \
390 782.94 422 796.89 454 811.24 486 870.85 398 776.05 430 811.13 462 843.75 494 871.88 \
406 786.16 438 804.92 470 854.11 502 862.54 414 776.38 446 777.65 478 837.04 510 964.32 
sbs.gems.y3.rms = \
1 128.93 33 45.53 65 41.17 97 41.42 9 49.59 41 37.77 73 41.29 105 39.87 \
17 41.32 49 38.50 81 41.74 113 41.98 25 43.85 57 37.74 89 38.64 121 35.55 \
3 77.42 35 40.26 67 39.05 99 41.51 11 47.53 43 36.62 75 37.52 107 39.48 \
19 43.08 51 37.60 83 39.39 115 40.02 27 41.09 59 35.75 91 38.31 123 36.73 \
5 65.32 37 41.91 69 41.66 101 46.16 13 44.66 45 36.93 77 39.02 109 40.90 \
21 42.96 53 38.90 85 41.61 117 38.23 29 37.52 61 36.38 93 39.41 125 38.66 \
7 55.83 39 37.44 71 38.85 103 41.43 15 43.58 47 35.65 79 37.96 111 40.92 \
23 40.85 55 36.13 87 39.79 119 37.31 31 37.06 63 33.64 95 37.82 127 43.64 \
0 134.80 32 50.94 64 40.67 96 42.43 8 53.35 40 39.44 72 39.92 104 40.27 \
16 45.06 48 40.33 80 41.00 112 43.00 24 41.77 56 34.68 88 40.38 120 38.50 \
2 92.80 34 44.18 66 39.31 98 41.40 10 49.35 42 38.71 74 38.37 106 39.24 \
18 45.25 50 39.53 82 39.28 114 39.30 26 43.80 58 36.85 90 39.65 122 37.63 \
4 70.89 36 43.67 68 43.97 100 46.23 12 48.15 44 38.62 76 40.02 108 41.53 \
20 43.65 52 39.15 84 42.01 116 38.83 28 39.40 60 38.03 92 40.83 124 40.30 \
6 60.63 38 40.49 70 39.33 102 43.15 14 45.34 46 37.68 78 38.50 110 39.31 \
22 43.76 54 39.23 86 39.31 118 38.74 30 39.52 62 36.39 94 39.08 126 41.45 \
129 47.99 161 45.85 193 51.46 225 49.49 137 44.08 169 43.29 201 47.53 233 46.50 \
145 43.33 177 44.67 209 48.66 241 45.89 153 46.59 185 45.07 217 46.23 249 47.50 \
131 44.61 163 44.35 195 47.37 227 49.94 139 44.71 171 40.80 203 45.53 235 46.10 \
147 44.93 179 43.38 211 45.58 243 48.02 155 44.15 187 43.44 219 44.79 251 46.30 \
133 45.78 165 44.29 197 51.99 229 51.60 141 44.13 173 42.92 205 46.50 237 46.08 \
149 45.20 181 45.40 213 48.12 245 48.88 157 41.91 189 45.35 221 48.31 253 49.21 \
135 45.74 167 42.29 199 46.78 231 47.60 143 44.33 175 41.41 207 45.72 239 44.79 \
151 45.12 183 43.63 215 46.03 247 47.67 159 43.04 191 42.15 223 44.40 255 54.84 \
128 46.59 160 45.88 192 52.19 224 48.91 136 43.83 168 43.62 200 48.01 232 46.75 \
144 45.43 176 44.47 208 48.24 240 47.59 152 45.87 184 42.38 216 45.85 248 49.94 \
130 45.27 162 45.05 194 46.87 226 48.61 138 45.35 170 42.96 202 45.71 234 46.53 \
146 44.60 178 44.67 210 45.53 242 48.06 154 46.71 186 44.40 218 44.99 250 50.92 \
132 44.37 164 44.78 196 52.13 228 53.34 140 43.64 172 42.87 204 47.67 236 46.34 \
148 44.12 180 45.27 212 48.03 244 52.80 156 45.70 188 47.48 220 47.20 252 50.90 \
134 45.52 166 43.10 198 48.25 230 48.88 142 42.24 174 43.45 206 44.54 238 46.42 \
150 44.84 182 45.87 214 46.40 246 51.37 158 44.99 190 44.25 222 45.42 254 51.16 \
257 43.29 289 41.68 321 46.68 353 45.32 265 40.13 297 39.96 329 46.20 361 44.54 \
273 42.57 305 42.81 337 44.72 369 46.16 281 43.52 313 40.60 345 42.69 377 42.39 \
259 43.39 291 40.91 323 43.80 355 46.46 267 41.14 299 41.34 331 42.67 363 42.40 \
275 41.63 307 41.91 339 42.28 371 45.54 283 42.17 315 40.79 347 41.67 379 69.37 \
261 42.84 293 41.72 325 46.31 357 49.74 269 42.33 301 41.74 333 43.46 365 43.68 \
277 41.83 309 43.70 341 44.45 373 44.32 285 39.72 317 42.22 349 43.78 381 43.25 \
263 41.66 295 39.75 327 44.03 359 44.65 271 40.62 303 40.01 335 42.50 367 41.96 \
279 42.81 311 40.90 343 42.26 375 42.77 287 40.29 319 39.44 351 41.88 383 48.47 \
256 42.68 288 42.39 320 47.97 352 46.32 264 40.61 296 41.08 328 44.43 360 43.98 \
272 42.45 304 42.59 336 45.22 368 45.71 280 41.74 312 39.05 344 43.56 376 45.44 \
258 42.56 290 42.90 322 44.65 354 46.31 266 41.63 298 40.85 330 41.88 362 43.49 \
274 43.17 306 42.63 338 42.12 370 45.28 282 43.55 314 40.69 346 42.10 378 45.03 \
260 41.78 292 43.93 324 47.13 356 48.98 268 41.92 300 40.74 332 43.40 364 44.43 \
276 41.18 308 41.74 340 45.98 372 46.00 284 42.31 316 40.23 348 44.18 380 44.66 \
262 43.11 294 42.01 326 43.93 358 47.13 270 42.45 302 41.31 334 42.42 366 43.03 \
278 42.08 310 41.56 342 42.56 374 74.79 286 41.33 318 41.01 350 42.74 382 46.86 \
385 40.50 417 41.47 449 45.16 481 45.69 393 35.26 425 38.66 457 42.83 489 42.24 \
401 38.81 433 40.20 465 43.82 497 42.05 409 42.46 441 38.46 473 42.31 505 43.42 \
387 38.91 419 39.60 451 40.63 483 44.69 395 39.41 427 38.92 459 39.63 491 39.22 \
403 39.75 435 39.53 467 41.65 499 41.97 411 39.49 443 38.66 475 39.03 507 44.52 \
389 4747.11 421 38.86 453 44.90 485 48.60 397 39.97 429 38.45 461 41.30 493 41.78 \
405 40.15 437 41.40 469 43.95 501 42.65 413 36.53 445 38.11 477 42.52 509 48.16 \
391 279286.33 423 39.54 455 41.56 487 43.99 399 39.17 431 38.27 463 39.71 495 39.42 \
407 40.79 439 38.91 471 40.82 503 41.44 415 37.58 447 37.67 479 40.67 511 78.79 \
384 41.16 416 38.16 448 46.13 480 43.70 392 36.33 424 38.06 456 42.47 488 42.87 \
400 40.11 432 41.67 464 44.64 496 44.37 408 39.14 440 36.94 472 41.59 504 44.88 \
386 36.42 418 39.64 450 41.62 482 42.86 394 36.30 426 38.66 458 39.97 490 40.67 \
402 40.96 434 40.80 466 40.10 498 44.03 410 40.34 442 39.66 474 38.96 506 45.91 \
388 38.09 420 39.96 452 46.15 484 47.29 396 39.61 428 38.68 460 43.04 492 40.71 \
404 39.21 436 41.89 468 43.52 500 44.10 412 39.79 444 40.71 476 43.22 508 49.62 \
390 39.22 422 38.78 454 41.78 486 43.05 398 37.93 430 38.83 462 41.01 494 39.10 \
406 40.81 438 40.62 470 40.40 502 44.56 414 39.75 446 38.85 478 40.26 510 58.34 